Rows:	966,	Columns:	1850
Cost:	0.01
Kernel:	linear
Number of Support Vectors:	647
Labels:	[3, 4, 6, 1, 3, 2, 6, 3, 0, 1, 1, 3, 3, 3, 4, 0, 3, 1, 3, 1, 3, 0, 0, 2, 3, 0, 4, 1, 4, 3, 2, 6, 3, 2, 1, 6, 3, 6, 3, 6, 3, 4, 3, 1, 3, 3, 4, 2, 3, 3, 3, 3, 3, 3, 4, 2, 1, 0, 4, 0, 6, 4, 2, 0, 4, 3, 1, 3, 3, 3, 3, 3, 3, 1, 3, 1, 2, 3, 3, 3, 3, 3, 6, 3, 4, 0, 1, 1, 2, 1, 0, 4, 2, 3, 6, 3, 3, 1, 1, 3, 3, 6, 3, 3, 2, 4, 3, 6, 2, 4, 3, 3, 0, 5, 3, 2, 6, 5, 2, 6, 2, 0, 5, 3, 6, 3, 5, 1, 2, 4, 2, 3, 3, 1, 0, 3, 1, 2, 3, 3, 1, 6, 1, 3, 3, 1, 1, 2, 3, 3, 3, 4, 2, 1, 6, 3, 5, 1, 3, 3, 1, 3, 3, 0, 5, 4, 6, 2, 3, 2, 3, 2, 3, 3, 1, 1, 3, 3, 3, 3, 0, 3, 1, 4, 6, 6, 1, 1, 3, 5, 1, 5, 6, 3, 3, 3, 2, 3, 1, 4, 3, 3, 3, 3, 3, 2, 3, 3, 1, 4, 3, 0, 4, 6, 2, 1, 3, 2, 2, 3, 1, 6, 1, 3, 6, 6, 3, 6, 3, 6, 3, 3, 3, 3, 3, 2, 4, 6, 2, 6, 3, 4, 2, 1, 5, 3, 3, 1, 6, 5, 3, 1, 0, 1, 0, 1, 1, 0, 1, 2, 3, 3, 3, 3, 3, 3, 4, 1, 3, 6, 0, 3, 4, 3, 1, 3, 6, 6, 1, 1, 3, 3, 3, 1, 4, 3, 0, 2, 3, 3, 3, 4, 6, 3, 6, 3, 2, 4, 1, 3, 4, 1, 2, 3, 1, 3, 4, 3, 3, 1, 3, 2, 3, 0, 3, 0, 3, 3, 3, 3, 3, 1]

Cost:	0.1
Kernel:	linear
Number of Support Vectors:	647
Labels:	[3, 4, 6, 1, 3, 2, 6, 3, 0, 1, 1, 3, 3, 3, 4, 0, 3, 1, 3, 1, 3, 0, 0, 2, 3, 0, 4, 1, 4, 3, 2, 6, 3, 2, 1, 6, 3, 6, 3, 6, 3, 4, 3, 1, 3, 3, 4, 2, 3, 3, 3, 3, 3, 3, 4, 2, 1, 0, 4, 0, 6, 4, 2, 0, 4, 3, 1, 3, 3, 3, 3, 3, 3, 1, 3, 1, 2, 3, 3, 3, 3, 3, 6, 3, 4, 0, 1, 1, 2, 1, 0, 4, 2, 3, 6, 3, 3, 1, 1, 3, 3, 6, 3, 3, 2, 4, 3, 6, 2, 4, 3, 3, 0, 5, 3, 2, 6, 5, 2, 6, 2, 0, 5, 3, 6, 3, 5, 1, 2, 4, 2, 3, 3, 1, 0, 3, 1, 2, 3, 3, 1, 6, 1, 3, 3, 1, 1, 2, 3, 3, 3, 4, 2, 1, 6, 3, 5, 1, 3, 3, 1, 3, 3, 0, 5, 4, 6, 2, 3, 2, 3, 2, 3, 3, 1, 1, 3, 3, 3, 3, 0, 3, 1, 4, 6, 6, 1, 1, 3, 5, 1, 5, 6, 3, 3, 3, 2, 3, 1, 4, 3, 3, 3, 3, 3, 2, 3, 3, 1, 4, 3, 0, 4, 6, 2, 1, 3, 2, 2, 3, 1, 6, 1, 3, 6, 6, 3, 6, 3, 6, 3, 3, 3, 3, 3, 2, 4, 6, 2, 6, 3, 4, 2, 1, 5, 3, 3, 1, 6, 5, 3, 1, 0, 1, 0, 1, 1, 0, 1, 2, 3, 3, 3, 3, 3, 3, 4, 1, 3, 6, 0, 3, 4, 3, 1, 3, 6, 6, 1, 1, 3, 3, 3, 1, 4, 3, 0, 2, 3, 3, 3, 4, 6, 3, 6, 3, 2, 4, 1, 3, 4, 1, 2, 3, 1, 3, 4, 3, 3, 1, 3, 2, 3, 0, 3, 0, 3, 3, 3, 3, 3, 1]

Cost:	1
Kernel:	linear
Number of Support Vectors:	647
Labels:	[3, 4, 6, 1, 3, 2, 6, 3, 0, 1, 1, 3, 3, 3, 4, 0, 3, 1, 3, 1, 3, 0, 0, 2, 3, 0, 4, 1, 4, 3, 2, 6, 3, 2, 1, 6, 3, 6, 3, 6, 3, 4, 3, 1, 3, 3, 4, 2, 3, 3, 3, 3, 3, 3, 4, 2, 1, 0, 4, 0, 6, 4, 2, 0, 4, 3, 1, 3, 3, 3, 3, 3, 3, 1, 3, 1, 2, 3, 3, 3, 3, 3, 6, 3, 4, 0, 1, 1, 2, 1, 0, 4, 2, 3, 6, 3, 3, 1, 1, 3, 3, 6, 3, 3, 2, 4, 3, 6, 2, 4, 3, 3, 0, 5, 3, 2, 6, 5, 2, 6, 2, 0, 5, 3, 6, 3, 5, 1, 2, 4, 2, 3, 3, 1, 0, 3, 1, 2, 3, 3, 1, 6, 1, 3, 3, 1, 1, 2, 3, 3, 3, 4, 2, 1, 6, 3, 5, 1, 3, 3, 1, 3, 3, 0, 5, 4, 6, 2, 3, 2, 3, 2, 3, 3, 1, 1, 3, 3, 3, 3, 0, 3, 1, 4, 6, 6, 1, 1, 3, 5, 1, 5, 6, 3, 3, 3, 2, 3, 1, 4, 3, 3, 3, 3, 3, 2, 3, 3, 1, 4, 3, 0, 4, 6, 2, 1, 3, 2, 2, 3, 1, 6, 1, 3, 6, 6, 3, 6, 3, 6, 3, 3, 3, 3, 3, 2, 4, 6, 2, 6, 3, 4, 2, 1, 5, 3, 3, 1, 6, 5, 3, 1, 0, 1, 0, 1, 1, 0, 1, 2, 3, 3, 3, 3, 3, 3, 4, 1, 3, 6, 0, 3, 4, 3, 1, 3, 6, 6, 1, 1, 3, 3, 3, 1, 4, 3, 0, 2, 3, 3, 3, 4, 6, 3, 6, 3, 2, 4, 1, 3, 4, 1, 2, 3, 1, 3, 4, 3, 3, 1, 3, 2, 3, 0, 3, 0, 3, 3, 3, 3, 3, 1]

Cost:	10
Kernel:	linear
Number of Support Vectors:	647
Labels:	[3, 4, 6, 1, 3, 2, 6, 3, 0, 1, 1, 3, 3, 3, 4, 0, 3, 1, 3, 1, 3, 0, 0, 2, 3, 0, 4, 1, 4, 3, 2, 6, 3, 2, 1, 6, 3, 6, 3, 6, 3, 4, 3, 1, 3, 3, 4, 2, 3, 3, 3, 3, 3, 3, 4, 2, 1, 0, 4, 0, 6, 4, 2, 0, 4, 3, 1, 3, 3, 3, 3, 3, 3, 1, 3, 1, 2, 3, 3, 3, 3, 3, 6, 3, 4, 0, 1, 1, 2, 1, 0, 4, 2, 3, 6, 3, 3, 1, 1, 3, 3, 6, 3, 3, 2, 4, 3, 6, 2, 4, 3, 3, 0, 5, 3, 2, 6, 5, 2, 6, 2, 0, 5, 3, 6, 3, 5, 1, 2, 4, 2, 3, 3, 1, 0, 3, 1, 2, 3, 3, 1, 6, 1, 3, 3, 1, 1, 2, 3, 3, 3, 4, 2, 1, 6, 3, 5, 1, 3, 3, 1, 3, 3, 0, 5, 4, 6, 2, 3, 2, 3, 2, 3, 3, 1, 1, 3, 3, 3, 3, 0, 3, 1, 4, 6, 6, 1, 1, 3, 5, 1, 5, 6, 3, 3, 3, 2, 3, 1, 4, 3, 3, 3, 3, 3, 2, 3, 3, 1, 4, 3, 0, 4, 6, 2, 1, 3, 2, 2, 3, 1, 6, 1, 3, 6, 6, 3, 6, 3, 6, 3, 3, 3, 3, 3, 2, 4, 6, 2, 6, 3, 4, 2, 1, 5, 3, 3, 1, 6, 5, 3, 1, 0, 1, 0, 1, 1, 0, 1, 2, 3, 3, 3, 3, 3, 3, 4, 1, 3, 6, 0, 3, 4, 3, 1, 3, 6, 6, 1, 1, 3, 3, 3, 1, 4, 3, 0, 2, 3, 3, 3, 4, 6, 3, 6, 3, 2, 4, 1, 3, 4, 1, 2, 3, 1, 3, 4, 3, 3, 1, 3, 2, 3, 0, 3, 0, 3, 3, 3, 3, 3, 1]

Cost:	100
Kernel:	linear
Number of Support Vectors:	647
Labels:	[3, 4, 6, 1, 3, 2, 6, 3, 0, 1, 1, 3, 3, 3, 4, 0, 3, 1, 3, 1, 3, 0, 0, 2, 3, 0, 4, 1, 4, 3, 2, 6, 3, 2, 1, 6, 3, 6, 3, 6, 3, 4, 3, 1, 3, 3, 4, 2, 3, 3, 3, 3, 3, 3, 4, 2, 1, 0, 4, 0, 6, 4, 2, 0, 4, 3, 1, 3, 3, 3, 3, 3, 3, 1, 3, 1, 2, 3, 3, 3, 3, 3, 6, 3, 4, 0, 1, 1, 2, 1, 0, 4, 2, 3, 6, 3, 3, 1, 1, 3, 3, 6, 3, 3, 2, 4, 3, 6, 2, 4, 3, 3, 0, 5, 3, 2, 6, 5, 2, 6, 2, 0, 5, 3, 6, 3, 5, 1, 2, 4, 2, 3, 3, 1, 0, 3, 1, 2, 3, 3, 1, 6, 1, 3, 3, 1, 1, 2, 3, 3, 3, 4, 2, 1, 6, 3, 5, 1, 3, 3, 1, 3, 3, 0, 5, 4, 6, 2, 3, 2, 3, 2, 3, 3, 1, 1, 3, 3, 3, 3, 0, 3, 1, 4, 6, 6, 1, 1, 3, 5, 1, 5, 6, 3, 3, 3, 2, 3, 1, 4, 3, 3, 3, 3, 3, 2, 3, 3, 1, 4, 3, 0, 4, 6, 2, 1, 3, 2, 2, 3, 1, 6, 1, 3, 6, 6, 3, 6, 3, 6, 3, 3, 3, 3, 3, 2, 4, 6, 2, 6, 3, 4, 2, 1, 5, 3, 3, 1, 6, 5, 3, 1, 0, 1, 0, 1, 1, 0, 1, 2, 3, 3, 3, 3, 3, 3, 4, 1, 3, 6, 0, 3, 4, 3, 1, 3, 6, 6, 1, 1, 3, 3, 3, 1, 4, 3, 0, 2, 3, 3, 3, 4, 6, 3, 6, 3, 2, 4, 1, 3, 4, 1, 2, 3, 1, 3, 4, 3, 3, 1, 3, 2, 3, 0, 3, 0, 3, 3, 3, 3, 3, 1]

Cost:	0.01
Kernel:	poly
Gamma:	0.0001
Degree: 2
Number of Support Vectors:	655
Labels:	[3, 4, 6, 1, 3, 2, 6, 3, 6, 1, 1, 3, 3, 3, 4, 0, 3, 1, 3, 1, 3, 0, 0, 2, 3, 0, 4, 1, 4, 3, 2, 6, 3, 1, 1, 6, 3, 6, 5, 6, 3, 4, 3, 1, 3, 3, 4, 2, 3, 3, 3, 3, 3, 3, 4, 2, 1, 0, 4, 0, 6, 4, 2, 0, 4, 3, 1, 3, 3, 3, 3, 3, 3, 1, 3, 3, 2, 3, 3, 3, 3, 3, 6, 3, 6, 0, 1, 1, 2, 1, 0, 4, 2, 3, 6, 3, 3, 1, 1, 3, 3, 6, 3, 3, 2, 4, 3, 6, 2, 3, 3, 3, 0, 5, 3, 2, 6, 5, 2, 6, 2, 0, 5, 3, 6, 3, 5, 1, 2, 4, 2, 3, 3, 1, 1, 3, 1, 2, 3, 3, 1, 6, 1, 3, 3, 1, 3, 2, 3, 3, 3, 4, 2, 1, 6, 3, 5, 1, 3, 3, 1, 3, 3, 0, 5, 4, 6, 2, 3, 2, 3, 2, 3, 3, 1, 1, 3, 3, 3, 3, 0, 3, 1, 4, 6, 6, 1, 1, 3, 5, 1, 5, 6, 3, 3, 3, 2, 3, 1, 4, 3, 2, 3, 3, 3, 2, 3, 3, 1, 4, 2, 0, 6, 6, 2, 1, 3, 2, 2, 3, 1, 6, 2, 3, 6, 6, 3, 6, 3, 6, 3, 3, 3, 3, 3, 2, 4, 6, 2, 6, 3, 4, 2, 3, 5, 3, 3, 1, 6, 5, 3, 1, 0, 1, 0, 1, 1, 0, 1, 2, 3, 3, 3, 3, 3, 3, 4, 1, 3, 3, 0, 3, 4, 3, 1, 3, 6, 6, 1, 1, 3, 3, 3, 1, 4, 3, 0, 3, 3, 3, 3, 4, 6, 3, 6, 3, 2, 4, 1, 6, 4, 1, 2, 3, 1, 3, 4, 3, 3, 1, 3, 2, 3, 0, 3, 0, 3, 3, 3, 3, 3, 1]

Cost:	0.01
Kernel:	poly
Gamma:	0.0001
Degree: 3
Number of Support Vectors:	630
Labels:	[3, 4, 6, 1, 3, 2, 6, 6, 6, 1, 1, 3, 3, 3, 4, 0, 3, 1, 3, 1, 3, 0, 0, 2, 3, 0, 6, 1, 4, 3, 2, 6, 3, 1, 1, 6, 3, 6, 5, 6, 3, 4, 3, 1, 3, 3, 4, 0, 3, 3, 3, 3, 3, 3, 4, 2, 1, 0, 4, 0, 6, 4, 2, 0, 4, 3, 1, 3, 3, 3, 3, 3, 3, 0, 3, 3, 2, 3, 3, 3, 3, 3, 6, 3, 6, 0, 1, 1, 2, 1, 0, 4, 2, 3, 6, 3, 3, 1, 1, 3, 3, 6, 3, 3, 2, 4, 3, 6, 2, 3, 3, 3, 0, 5, 3, 2, 6, 5, 2, 6, 2, 0, 5, 3, 6, 3, 5, 1, 2, 4, 2, 3, 3, 1, 1, 3, 1, 2, 3, 3, 1, 6, 1, 3, 3, 1, 1, 2, 3, 3, 3, 4, 2, 1, 6, 3, 5, 1, 3, 3, 1, 3, 3, 0, 5, 4, 6, 2, 3, 3, 3, 2, 3, 3, 1, 1, 3, 3, 3, 3, 0, 3, 1, 4, 6, 6, 1, 1, 3, 5, 1, 5, 6, 3, 3, 3, 2, 3, 1, 4, 3, 2, 3, 3, 3, 2, 3, 3, 1, 4, 2, 0, 6, 6, 2, 1, 3, 2, 2, 3, 1, 6, 1, 3, 6, 6, 3, 6, 3, 6, 3, 3, 3, 3, 3, 2, 4, 6, 2, 6, 3, 4, 2, 3, 5, 3, 3, 1, 6, 5, 3, 1, 0, 1, 0, 1, 1, 0, 1, 2, 3, 3, 3, 3, 3, 3, 4, 1, 3, 6, 0, 3, 4, 3, 1, 3, 6, 6, 1, 1, 3, 3, 3, 1, 4, 3, 0, 3, 3, 3, 3, 4, 6, 3, 6, 3, 2, 3, 1, 3, 4, 1, 2, 3, 1, 3, 4, 3, 3, 1, 3, 2, 3, 0, 3, 0, 3, 3, 3, 3, 3, 1]

Cost:	0.01
Kernel:	poly
Gamma:	0.0001
Degree: 4
Number of Support Vectors:	603
Labels:	[3, 4, 6, 1, 3, 2, 1, 6, 6, 1, 1, 3, 3, 3, 4, 0, 3, 1, 3, 1, 3, 0, 0, 2, 3, 0, 6, 1, 2, 3, 2, 6, 3, 1, 1, 6, 3, 6, 5, 6, 3, 4, 3, 1, 3, 3, 4, 0, 3, 3, 3, 3, 3, 3, 4, 2, 1, 3, 4, 0, 6, 4, 2, 0, 4, 3, 1, 3, 3, 3, 3, 3, 3, 0, 3, 3, 2, 3, 3, 3, 3, 3, 6, 3, 6, 0, 1, 1, 2, 1, 0, 4, 2, 3, 6, 3, 3, 1, 1, 3, 3, 6, 3, 3, 2, 4, 3, 6, 2, 3, 3, 3, 0, 5, 3, 2, 6, 5, 2, 6, 2, 0, 5, 3, 6, 3, 5, 1, 2, 4, 2, 3, 3, 1, 1, 3, 3, 2, 3, 3, 1, 6, 1, 3, 3, 1, 1, 2, 3, 3, 3, 4, 2, 1, 6, 3, 5, 1, 3, 3, 1, 3, 3, 0, 4, 4, 6, 2, 3, 3, 3, 2, 3, 3, 1, 1, 3, 3, 3, 3, 0, 3, 1, 4, 6, 6, 1, 1, 3, 5, 1, 5, 6, 3, 3, 3, 2, 3, 1, 4, 3, 2, 3, 3, 3, 2, 3, 3, 1, 4, 2, 0, 6, 6, 2, 1, 3, 2, 2, 3, 1, 6, 1, 3, 1, 6, 3, 6, 3, 6, 3, 3, 3, 3, 3, 2, 4, 6, 2, 6, 3, 6, 2, 3, 5, 3, 3, 1, 6, 5, 3, 1, 0, 1, 0, 1, 1, 0, 1, 2, 3, 3, 3, 3, 3, 3, 4, 1, 3, 6, 0, 3, 4, 3, 1, 3, 6, 6, 1, 1, 3, 3, 3, 1, 4, 3, 0, 3, 3, 3, 3, 1, 6, 3, 6, 5, 2, 3, 1, 3, 4, 1, 2, 3, 1, 3, 4, 3, 3, 1, 5, 2, 3, 0, 3, 0, 3, 3, 4, 3, 3, 1]

Cost:	0.01
Kernel:	poly
Gamma:	0.001
Degree: 2
Number of Support Vectors:	655
Labels:	[3, 4, 6, 1, 3, 2, 6, 3, 6, 1, 1, 3, 3, 3, 4, 0, 3, 1, 3, 1, 3, 0, 0, 2, 3, 0, 4, 1, 4, 3, 2, 6, 3, 1, 1, 6, 3, 6, 5, 6, 3, 4, 3, 1, 3, 3, 4, 2, 3, 3, 3, 3, 3, 3, 4, 2, 1, 0, 4, 0, 6, 4, 2, 0, 4, 3, 1, 3, 3, 3, 3, 3, 3, 1, 3, 3, 2, 3, 3, 3, 3, 3, 6, 3, 6, 0, 1, 1, 2, 1, 0, 4, 2, 3, 6, 3, 3, 1, 1, 3, 3, 6, 3, 3, 2, 4, 3, 6, 2, 3, 3, 3, 0, 5, 3, 2, 6, 5, 2, 6, 2, 0, 5, 3, 6, 3, 5, 1, 2, 4, 2, 3, 3, 1, 1, 3, 1, 2, 3, 3, 1, 6, 1, 3, 3, 1, 3, 2, 3, 3, 3, 4, 2, 1, 6, 3, 5, 1, 3, 3, 1, 3, 3, 0, 5, 4, 6, 2, 3, 2, 3, 2, 3, 3, 1, 1, 3, 3, 3, 3, 0, 3, 1, 4, 6, 6, 1, 1, 3, 5, 1, 5, 6, 3, 3, 3, 2, 3, 1, 4, 3, 2, 3, 3, 3, 2, 3, 3, 1, 4, 2, 0, 6, 6, 2, 1, 3, 2, 2, 3, 1, 6, 2, 3, 6, 6, 3, 6, 3, 6, 3, 3, 3, 3, 3, 2, 4, 6, 2, 6, 3, 4, 2, 3, 5, 3, 3, 1, 6, 5, 3, 1, 0, 1, 0, 1, 1, 0, 1, 2, 3, 3, 3, 3, 3, 3, 4, 1, 3, 3, 0, 3, 4, 3, 1, 3, 6, 6, 1, 1, 3, 3, 3, 1, 4, 3, 0, 3, 3, 3, 3, 4, 6, 3, 6, 3, 2, 4, 1, 6, 4, 1, 2, 3, 1, 3, 4, 3, 3, 1, 3, 2, 3, 0, 3, 0, 3, 3, 3, 3, 3, 1]

Cost:	0.01
Kernel:	poly
Gamma:	0.001
Degree: 3
Number of Support Vectors:	630
Labels:	[3, 4, 6, 1, 3, 2, 6, 6, 6, 1, 1, 3, 3, 3, 4, 0, 3, 1, 3, 1, 3, 0, 0, 2, 3, 0, 6, 1, 4, 3, 2, 6, 3, 1, 1, 6, 3, 6, 5, 6, 3, 4, 3, 1, 3, 3, 4, 0, 3, 3, 3, 3, 3, 3, 4, 2, 1, 0, 4, 0, 6, 4, 2, 0, 4, 3, 1, 3, 3, 3, 3, 3, 3, 0, 3, 3, 2, 3, 3, 3, 3, 3, 6, 3, 6, 0, 1, 1, 2, 1, 0, 4, 2, 3, 6, 3, 3, 1, 1, 3, 3, 6, 3, 3, 2, 4, 3, 6, 2, 3, 3, 3, 0, 5, 3, 2, 6, 5, 2, 6, 2, 0, 5, 3, 6, 3, 5, 1, 2, 4, 2, 3, 3, 1, 1, 3, 1, 2, 3, 3, 1, 6, 1, 3, 3, 1, 1, 2, 3, 3, 3, 4, 2, 1, 6, 3, 5, 1, 3, 3, 1, 3, 3, 0, 5, 4, 6, 2, 3, 3, 3, 2, 3, 3, 1, 1, 3, 3, 3, 3, 0, 3, 1, 4, 6, 6, 1, 1, 3, 5, 1, 5, 6, 3, 3, 3, 2, 3, 1, 4, 3, 2, 3, 3, 3, 2, 3, 3, 1, 4, 2, 0, 6, 6, 2, 1, 3, 2, 2, 3, 1, 6, 1, 3, 6, 6, 3, 6, 3, 6, 3, 3, 3, 3, 3, 2, 4, 6, 2, 6, 3, 4, 2, 3, 5, 3, 3, 1, 6, 5, 3, 1, 0, 1, 0, 1, 1, 0, 1, 2, 3, 3, 3, 3, 3, 3, 4, 1, 3, 6, 0, 3, 4, 3, 1, 3, 6, 6, 1, 1, 3, 3, 3, 1, 4, 3, 0, 3, 3, 3, 3, 4, 6, 3, 6, 3, 2, 3, 1, 3, 4, 1, 2, 3, 1, 3, 4, 3, 3, 1, 3, 2, 3, 0, 3, 0, 3, 3, 3, 3, 3, 1]

Cost:	0.01
Kernel:	poly
Gamma:	0.001
Degree: 4
Number of Support Vectors:	603
Labels:	[3, 4, 6, 1, 3, 2, 1, 6, 6, 1, 1, 3, 3, 3, 4, 0, 3, 1, 3, 1, 3, 0, 0, 2, 3, 0, 6, 1, 2, 3, 2, 6, 3, 1, 1, 6, 3, 6, 5, 6, 3, 4, 3, 1, 3, 3, 4, 0, 3, 3, 3, 3, 3, 3, 4, 2, 1, 3, 4, 0, 6, 4, 2, 0, 4, 3, 1, 3, 3, 3, 3, 3, 3, 0, 3, 3, 2, 3, 3, 3, 3, 3, 6, 3, 6, 0, 1, 1, 2, 1, 0, 4, 2, 3, 6, 3, 3, 1, 1, 3, 3, 6, 3, 3, 2, 4, 3, 6, 2, 3, 3, 3, 0, 5, 3, 2, 6, 5, 2, 6, 2, 0, 5, 3, 6, 3, 5, 1, 2, 4, 2, 3, 3, 1, 1, 3, 3, 2, 3, 3, 1, 6, 1, 3, 3, 1, 1, 2, 3, 3, 3, 4, 2, 1, 6, 3, 5, 1, 3, 3, 1, 3, 3, 0, 4, 4, 6, 2, 3, 3, 3, 2, 3, 3, 1, 1, 3, 3, 3, 3, 0, 3, 1, 4, 6, 6, 1, 1, 3, 5, 1, 5, 6, 3, 3, 3, 2, 3, 1, 4, 3, 2, 3, 3, 3, 2, 3, 3, 1, 4, 2, 0, 6, 6, 2, 1, 3, 2, 2, 3, 1, 6, 1, 3, 1, 6, 3, 6, 3, 6, 3, 3, 3, 3, 3, 2, 4, 6, 2, 6, 3, 6, 2, 3, 5, 3, 3, 1, 6, 5, 3, 1, 0, 1, 0, 1, 1, 0, 1, 2, 3, 3, 3, 3, 3, 3, 4, 1, 3, 6, 0, 3, 4, 3, 1, 3, 6, 6, 1, 1, 3, 3, 3, 1, 4, 3, 0, 3, 3, 3, 3, 1, 6, 3, 6, 5, 2, 3, 1, 3, 4, 1, 2, 3, 1, 3, 4, 3, 3, 1, 5, 2, 3, 0, 3, 0, 3, 3, 4, 3, 3, 1]

Cost:	0.01
Kernel:	poly
Gamma:	0.01
Degree: 2
Number of Support Vectors:	655
Labels:	[3, 4, 6, 1, 3, 2, 6, 3, 6, 1, 1, 3, 3, 3, 4, 0, 3, 1, 3, 1, 3, 0, 0, 2, 3, 0, 4, 1, 4, 3, 2, 6, 3, 1, 1, 6, 3, 6, 5, 6, 3, 4, 3, 1, 3, 3, 4, 2, 3, 3, 3, 3, 3, 3, 4, 2, 1, 0, 4, 0, 6, 4, 2, 0, 4, 3, 1, 3, 3, 3, 3, 3, 3, 1, 3, 3, 2, 3, 3, 3, 3, 3, 6, 3, 6, 0, 1, 1, 2, 1, 0, 4, 2, 3, 6, 3, 3, 1, 1, 3, 3, 6, 3, 3, 2, 4, 3, 6, 2, 3, 3, 3, 0, 5, 3, 2, 6, 5, 2, 6, 2, 0, 5, 3, 6, 3, 5, 1, 2, 4, 2, 3, 3, 1, 1, 3, 1, 2, 3, 3, 1, 6, 1, 3, 3, 1, 3, 2, 3, 3, 3, 4, 2, 1, 6, 3, 5, 1, 3, 3, 1, 3, 3, 0, 5, 4, 6, 2, 3, 2, 3, 2, 3, 3, 1, 1, 3, 3, 3, 3, 0, 3, 1, 4, 6, 6, 1, 1, 3, 5, 1, 5, 6, 3, 3, 3, 2, 3, 1, 4, 3, 2, 3, 3, 3, 2, 3, 3, 1, 4, 2, 0, 6, 6, 2, 1, 3, 2, 2, 3, 1, 6, 2, 3, 6, 6, 3, 6, 3, 6, 3, 3, 3, 3, 3, 2, 4, 6, 2, 6, 3, 4, 2, 3, 5, 3, 3, 1, 6, 5, 3, 1, 0, 1, 0, 1, 1, 0, 1, 2, 3, 3, 3, 3, 3, 3, 4, 1, 3, 3, 0, 3, 4, 3, 1, 3, 6, 6, 1, 1, 3, 3, 3, 1, 4, 3, 0, 3, 3, 3, 3, 4, 6, 3, 6, 3, 2, 4, 1, 6, 4, 1, 2, 3, 1, 3, 4, 3, 3, 1, 3, 2, 3, 0, 3, 0, 3, 3, 3, 3, 3, 1]

Cost:	0.01
Kernel:	poly
Gamma:	0.01
Degree: 3
Number of Support Vectors:	630
Labels:	[3, 4, 6, 1, 3, 2, 6, 6, 6, 1, 1, 3, 3, 3, 4, 0, 3, 1, 3, 1, 3, 0, 0, 2, 3, 0, 6, 1, 4, 3, 2, 6, 3, 1, 1, 6, 3, 6, 5, 6, 3, 4, 3, 1, 3, 3, 4, 0, 3, 3, 3, 3, 3, 3, 4, 2, 1, 0, 4, 0, 6, 4, 2, 0, 4, 3, 1, 3, 3, 3, 3, 3, 3, 0, 3, 3, 2, 3, 3, 3, 3, 3, 6, 3, 6, 0, 1, 1, 2, 1, 0, 4, 2, 3, 6, 3, 3, 1, 1, 3, 3, 6, 3, 3, 2, 4, 3, 6, 2, 3, 3, 3, 0, 5, 3, 2, 6, 5, 2, 6, 2, 0, 5, 3, 6, 3, 5, 1, 2, 4, 2, 3, 3, 1, 1, 3, 1, 2, 3, 3, 1, 6, 1, 3, 3, 1, 1, 2, 3, 3, 3, 4, 2, 1, 6, 3, 5, 1, 3, 3, 1, 3, 3, 0, 5, 4, 6, 2, 3, 3, 3, 2, 3, 3, 1, 1, 3, 3, 3, 3, 0, 3, 1, 4, 6, 6, 1, 1, 3, 5, 1, 5, 6, 3, 3, 3, 2, 3, 1, 4, 3, 2, 3, 3, 3, 2, 3, 3, 1, 4, 2, 0, 6, 6, 2, 1, 3, 2, 2, 3, 1, 6, 1, 3, 6, 6, 3, 6, 3, 6, 3, 3, 3, 3, 3, 2, 4, 6, 2, 6, 3, 4, 2, 3, 5, 3, 3, 1, 6, 5, 3, 1, 0, 1, 0, 1, 1, 0, 1, 2, 3, 3, 3, 3, 3, 3, 4, 1, 3, 6, 0, 3, 4, 3, 1, 3, 6, 6, 1, 1, 3, 3, 3, 1, 4, 3, 0, 3, 3, 3, 3, 4, 6, 3, 6, 3, 2, 3, 1, 3, 4, 1, 2, 3, 1, 3, 4, 3, 3, 1, 3, 2, 3, 0, 3, 0, 3, 3, 3, 3, 3, 1]

Cost:	0.01
Kernel:	poly
Gamma:	0.01
Degree: 4
Number of Support Vectors:	603
Labels:	[3, 4, 6, 1, 3, 2, 1, 6, 6, 1, 1, 3, 3, 3, 4, 0, 3, 1, 3, 1, 3, 0, 0, 2, 3, 0, 6, 1, 2, 3, 2, 6, 3, 1, 1, 6, 3, 6, 5, 6, 3, 4, 3, 1, 3, 3, 4, 0, 3, 3, 3, 3, 3, 3, 4, 2, 1, 3, 4, 0, 6, 4, 2, 0, 4, 3, 1, 3, 3, 3, 3, 3, 3, 0, 3, 3, 2, 3, 3, 3, 3, 3, 6, 3, 6, 0, 1, 1, 2, 1, 0, 4, 2, 3, 6, 3, 3, 1, 1, 3, 3, 6, 3, 3, 2, 4, 3, 6, 2, 3, 3, 3, 0, 5, 3, 2, 6, 5, 2, 6, 2, 0, 5, 3, 6, 3, 5, 1, 2, 4, 2, 3, 3, 1, 1, 3, 3, 2, 3, 3, 1, 6, 1, 3, 3, 1, 1, 2, 3, 3, 3, 4, 2, 1, 6, 3, 5, 1, 3, 3, 1, 3, 3, 0, 4, 4, 6, 2, 3, 3, 3, 2, 3, 3, 1, 1, 3, 3, 3, 3, 0, 3, 1, 4, 6, 6, 1, 1, 3, 5, 1, 5, 6, 3, 3, 3, 2, 3, 1, 4, 3, 2, 3, 3, 3, 2, 3, 3, 1, 4, 2, 0, 6, 6, 2, 1, 3, 2, 2, 3, 1, 6, 1, 3, 1, 6, 3, 6, 3, 6, 3, 3, 3, 3, 3, 2, 4, 6, 2, 6, 3, 6, 2, 3, 5, 3, 3, 1, 6, 5, 3, 1, 0, 1, 0, 1, 1, 0, 1, 2, 3, 3, 3, 3, 3, 3, 4, 1, 3, 6, 0, 3, 4, 3, 1, 3, 6, 6, 1, 1, 3, 3, 3, 1, 4, 3, 0, 3, 3, 3, 3, 1, 6, 3, 6, 5, 2, 3, 1, 3, 4, 1, 2, 3, 1, 3, 4, 3, 3, 1, 5, 2, 3, 0, 3, 0, 3, 3, 4, 3, 3, 1]

Cost:	0.01
Kernel:	poly
Gamma:	0.1
Degree: 2
Number of Support Vectors:	655
Labels:	[3, 4, 6, 1, 3, 2, 6, 3, 6, 1, 1, 3, 3, 3, 4, 0, 3, 1, 3, 1, 3, 0, 0, 2, 3, 0, 4, 1, 4, 3, 2, 6, 3, 1, 1, 6, 3, 6, 5, 6, 3, 4, 3, 1, 3, 3, 4, 2, 3, 3, 3, 3, 3, 3, 4, 2, 1, 0, 4, 0, 6, 4, 2, 0, 4, 3, 1, 3, 3, 3, 3, 3, 3, 1, 3, 3, 2, 3, 3, 3, 3, 3, 6, 3, 6, 0, 1, 1, 2, 1, 0, 4, 2, 3, 6, 3, 3, 1, 1, 3, 3, 6, 3, 3, 2, 4, 3, 6, 2, 3, 3, 3, 0, 5, 3, 2, 6, 5, 2, 6, 2, 0, 5, 3, 6, 3, 5, 1, 2, 4, 2, 3, 3, 1, 1, 3, 1, 2, 3, 3, 1, 6, 1, 3, 3, 1, 3, 2, 3, 3, 3, 4, 2, 1, 6, 3, 5, 1, 3, 3, 1, 3, 3, 0, 5, 4, 6, 2, 3, 2, 3, 2, 3, 3, 1, 1, 3, 3, 3, 3, 0, 3, 1, 4, 6, 6, 1, 1, 3, 5, 1, 5, 6, 3, 3, 3, 2, 3, 1, 4, 3, 2, 3, 3, 3, 2, 3, 3, 1, 4, 2, 0, 6, 6, 2, 1, 3, 2, 2, 3, 1, 6, 2, 3, 6, 6, 3, 6, 3, 6, 3, 3, 3, 3, 3, 2, 4, 6, 2, 6, 3, 4, 2, 3, 5, 3, 3, 1, 6, 5, 3, 1, 0, 1, 0, 1, 1, 0, 1, 2, 3, 3, 3, 3, 3, 3, 4, 1, 3, 3, 0, 3, 4, 3, 1, 3, 6, 6, 1, 1, 3, 3, 3, 1, 4, 3, 0, 3, 3, 3, 3, 4, 6, 3, 6, 3, 2, 4, 1, 6, 4, 1, 2, 3, 1, 3, 4, 3, 3, 1, 3, 2, 3, 0, 3, 0, 3, 3, 3, 3, 3, 1]

Cost:	0.01
Kernel:	poly
Gamma:	0.1
Degree: 3
Number of Support Vectors:	630
Labels:	[3, 4, 6, 1, 3, 2, 6, 6, 6, 1, 1, 3, 3, 3, 4, 0, 3, 1, 3, 1, 3, 0, 0, 2, 3, 0, 6, 1, 4, 3, 2, 6, 3, 1, 1, 6, 3, 6, 5, 6, 3, 4, 3, 1, 3, 3, 4, 0, 3, 3, 3, 3, 3, 3, 4, 2, 1, 0, 4, 0, 6, 4, 2, 0, 4, 3, 1, 3, 3, 3, 3, 3, 3, 0, 3, 3, 2, 3, 3, 3, 3, 3, 6, 3, 6, 0, 1, 1, 2, 1, 0, 4, 2, 3, 6, 3, 3, 1, 1, 3, 3, 6, 3, 3, 2, 4, 3, 6, 2, 3, 3, 3, 0, 5, 3, 2, 6, 5, 2, 6, 2, 0, 5, 3, 6, 3, 5, 1, 2, 4, 2, 3, 3, 1, 1, 3, 1, 2, 3, 3, 1, 6, 1, 3, 3, 1, 1, 2, 3, 3, 3, 4, 2, 1, 6, 3, 5, 1, 3, 3, 1, 3, 3, 0, 5, 4, 6, 2, 3, 3, 3, 2, 3, 3, 1, 1, 3, 3, 3, 3, 0, 3, 1, 4, 6, 6, 1, 1, 3, 5, 1, 5, 6, 3, 3, 3, 2, 3, 1, 4, 3, 2, 3, 3, 3, 2, 3, 3, 1, 4, 2, 0, 6, 6, 2, 1, 3, 2, 2, 3, 1, 6, 1, 3, 6, 6, 3, 6, 3, 6, 3, 3, 3, 3, 3, 2, 4, 6, 2, 6, 3, 4, 2, 3, 5, 3, 3, 1, 6, 5, 3, 1, 0, 1, 0, 1, 1, 0, 1, 2, 3, 3, 3, 3, 3, 3, 4, 1, 3, 6, 0, 3, 4, 3, 1, 3, 6, 6, 1, 1, 3, 3, 3, 1, 4, 3, 0, 3, 3, 3, 3, 4, 6, 3, 6, 3, 2, 3, 1, 3, 4, 1, 2, 3, 1, 3, 4, 3, 3, 1, 3, 2, 3, 0, 3, 0, 3, 3, 3, 3, 3, 1]

Cost:	0.01
Kernel:	poly
Gamma:	0.1
Degree: 4
Number of Support Vectors:	603
Labels:	[3, 4, 6, 1, 3, 2, 1, 6, 6, 1, 1, 3, 3, 3, 4, 0, 3, 1, 3, 1, 3, 0, 0, 2, 3, 0, 6, 1, 2, 3, 2, 6, 3, 1, 1, 6, 3, 6, 5, 6, 3, 4, 3, 1, 3, 3, 4, 0, 3, 3, 3, 3, 3, 3, 4, 2, 1, 3, 4, 0, 6, 4, 2, 0, 4, 3, 1, 3, 3, 3, 3, 3, 3, 0, 3, 3, 2, 3, 3, 3, 3, 3, 6, 3, 6, 0, 1, 1, 2, 1, 0, 4, 2, 3, 6, 3, 3, 1, 1, 3, 3, 6, 3, 3, 2, 4, 3, 6, 2, 3, 3, 3, 0, 5, 3, 2, 6, 5, 2, 6, 2, 0, 5, 3, 6, 3, 5, 1, 2, 4, 2, 3, 3, 1, 1, 3, 3, 2, 3, 3, 1, 6, 1, 3, 3, 1, 1, 2, 3, 3, 3, 4, 2, 1, 6, 3, 5, 1, 3, 3, 1, 3, 3, 0, 4, 4, 6, 2, 3, 3, 3, 2, 3, 3, 1, 1, 3, 3, 3, 3, 0, 3, 1, 4, 6, 6, 1, 1, 3, 5, 1, 5, 6, 3, 3, 3, 2, 3, 1, 4, 3, 2, 3, 3, 3, 2, 3, 3, 1, 4, 2, 0, 6, 6, 2, 1, 3, 2, 2, 3, 1, 6, 1, 3, 1, 6, 3, 6, 3, 6, 3, 3, 3, 3, 3, 2, 4, 6, 2, 6, 3, 6, 2, 3, 5, 3, 3, 1, 6, 5, 3, 1, 0, 1, 0, 1, 1, 0, 1, 2, 3, 3, 3, 3, 3, 3, 4, 1, 3, 6, 0, 3, 4, 3, 1, 3, 6, 6, 1, 1, 3, 3, 3, 1, 4, 3, 0, 3, 3, 3, 3, 1, 6, 3, 6, 5, 2, 3, 1, 3, 4, 1, 2, 3, 1, 3, 4, 3, 3, 1, 5, 2, 3, 0, 3, 0, 3, 3, 4, 3, 3, 1]

Cost:	0.01
Kernel:	poly
Gamma:	1
Degree: 2
Number of Support Vectors:	656
Labels:	[3, 4, 6, 1, 3, 2, 6, 3, 6, 1, 1, 3, 3, 3, 4, 0, 3, 1, 3, 1, 3, 0, 0, 2, 3, 0, 4, 1, 4, 3, 2, 6, 3, 1, 1, 6, 3, 6, 5, 6, 3, 4, 3, 1, 3, 3, 4, 2, 3, 3, 3, 3, 3, 3, 4, 2, 1, 0, 4, 0, 6, 4, 2, 0, 4, 3, 1, 3, 3, 3, 3, 3, 3, 1, 3, 3, 2, 3, 3, 3, 3, 3, 6, 3, 6, 0, 1, 1, 2, 1, 0, 4, 2, 3, 6, 3, 3, 1, 1, 3, 3, 6, 3, 3, 2, 4, 3, 6, 2, 3, 3, 3, 0, 5, 3, 2, 6, 5, 2, 6, 2, 0, 5, 3, 6, 3, 5, 1, 2, 4, 2, 3, 3, 1, 1, 3, 1, 2, 3, 3, 1, 6, 1, 3, 3, 1, 3, 2, 3, 3, 3, 4, 2, 1, 6, 3, 5, 1, 3, 3, 1, 3, 3, 0, 5, 4, 6, 2, 3, 2, 3, 2, 3, 3, 1, 1, 3, 3, 3, 3, 0, 3, 1, 4, 6, 6, 1, 1, 3, 5, 1, 5, 6, 3, 3, 3, 2, 3, 1, 4, 3, 2, 3, 3, 3, 2, 3, 3, 1, 4, 2, 0, 6, 6, 2, 1, 3, 2, 2, 3, 1, 6, 2, 3, 6, 6, 3, 6, 3, 6, 3, 3, 3, 3, 3, 2, 4, 6, 2, 6, 3, 4, 2, 3, 5, 3, 3, 1, 6, 5, 3, 1, 0, 1, 0, 1, 1, 0, 1, 2, 3, 3, 3, 3, 3, 3, 4, 1, 3, 3, 0, 3, 4, 3, 1, 3, 6, 6, 1, 1, 3, 3, 3, 1, 4, 3, 0, 3, 3, 3, 3, 4, 6, 3, 6, 3, 2, 4, 1, 6, 4, 1, 2, 3, 1, 3, 4, 3, 3, 1, 3, 2, 3, 0, 3, 0, 3, 3, 3, 3, 3, 1]

Cost:	0.01
Kernel:	poly
Gamma:	1
Degree: 3
Number of Support Vectors:	630
Labels:	[3, 4, 6, 1, 3, 2, 6, 6, 6, 1, 1, 3, 3, 3, 4, 0, 3, 1, 3, 1, 3, 0, 0, 2, 3, 0, 6, 1, 4, 3, 2, 6, 3, 1, 1, 6, 3, 6, 5, 6, 3, 4, 3, 1, 3, 3, 4, 0, 3, 3, 3, 3, 3, 3, 4, 2, 1, 0, 4, 0, 6, 4, 2, 0, 4, 3, 1, 3, 3, 3, 3, 3, 3, 0, 3, 3, 2, 3, 3, 3, 3, 3, 6, 3, 6, 0, 1, 1, 2, 1, 0, 4, 2, 3, 6, 3, 3, 1, 1, 3, 3, 6, 3, 3, 2, 4, 3, 6, 2, 3, 3, 3, 0, 5, 3, 2, 6, 5, 2, 6, 2, 0, 5, 3, 6, 3, 5, 1, 2, 4, 2, 3, 3, 1, 1, 3, 1, 2, 3, 3, 1, 6, 1, 3, 3, 1, 1, 2, 3, 3, 3, 4, 2, 1, 6, 3, 5, 1, 3, 3, 1, 3, 3, 0, 5, 4, 6, 2, 3, 3, 3, 2, 3, 3, 1, 1, 3, 3, 3, 3, 0, 3, 1, 4, 6, 6, 1, 1, 3, 5, 1, 5, 6, 3, 3, 3, 2, 3, 1, 4, 3, 2, 3, 3, 3, 2, 3, 3, 1, 4, 2, 0, 6, 6, 2, 1, 3, 2, 2, 3, 1, 6, 1, 3, 6, 6, 3, 6, 3, 6, 3, 3, 3, 3, 3, 2, 4, 6, 2, 6, 3, 4, 2, 3, 5, 3, 3, 1, 6, 5, 3, 1, 0, 1, 0, 1, 1, 0, 1, 2, 3, 3, 3, 3, 3, 3, 4, 1, 3, 6, 0, 3, 4, 3, 1, 3, 6, 6, 1, 1, 3, 3, 3, 1, 4, 3, 0, 3, 3, 3, 3, 4, 6, 3, 6, 3, 2, 3, 1, 3, 4, 1, 2, 3, 1, 3, 4, 3, 3, 1, 3, 2, 3, 0, 3, 0, 3, 3, 3, 3, 3, 1]

Cost:	0.01
Kernel:	poly
Gamma:	1
Degree: 4
Number of Support Vectors:	603
Labels:	[3, 4, 6, 1, 3, 2, 1, 6, 6, 1, 1, 3, 3, 3, 4, 0, 3, 1, 3, 1, 3, 0, 0, 2, 3, 0, 6, 1, 2, 3, 2, 6, 3, 1, 1, 6, 3, 6, 5, 6, 3, 4, 3, 1, 3, 3, 4, 0, 3, 3, 3, 3, 3, 3, 4, 2, 1, 3, 4, 0, 6, 4, 2, 0, 4, 3, 1, 3, 3, 3, 3, 3, 3, 0, 3, 3, 2, 3, 3, 3, 3, 3, 6, 3, 6, 0, 1, 1, 2, 1, 0, 4, 2, 3, 6, 3, 3, 1, 1, 3, 3, 6, 3, 3, 2, 4, 3, 6, 2, 3, 3, 3, 0, 5, 3, 2, 6, 5, 2, 6, 2, 0, 5, 3, 6, 3, 5, 1, 2, 4, 2, 3, 3, 1, 1, 3, 3, 2, 3, 3, 1, 6, 1, 3, 3, 1, 1, 2, 3, 3, 3, 4, 2, 1, 6, 3, 5, 1, 3, 3, 1, 3, 3, 0, 4, 4, 6, 2, 3, 3, 3, 2, 3, 3, 1, 1, 3, 3, 3, 3, 0, 3, 1, 4, 6, 6, 1, 1, 3, 5, 1, 5, 6, 3, 3, 3, 2, 3, 1, 4, 3, 2, 3, 3, 3, 2, 3, 3, 1, 4, 2, 0, 6, 6, 2, 1, 3, 2, 2, 3, 1, 6, 1, 3, 1, 6, 3, 6, 3, 6, 3, 3, 3, 3, 3, 2, 4, 6, 2, 6, 3, 6, 2, 3, 5, 3, 3, 1, 6, 5, 3, 1, 0, 1, 0, 1, 1, 0, 1, 2, 3, 3, 3, 3, 3, 3, 4, 1, 3, 6, 0, 3, 4, 3, 1, 3, 6, 6, 1, 1, 3, 3, 3, 1, 4, 3, 0, 3, 3, 3, 3, 1, 6, 3, 6, 5, 2, 3, 1, 3, 4, 1, 2, 3, 1, 3, 4, 3, 3, 1, 5, 2, 3, 0, 3, 0, 3, 3, 4, 3, 3, 1]

Cost:	0.1
Kernel:	poly
Gamma:	0.0001
Degree: 2
Number of Support Vectors:	655
Labels:	[3, 4, 6, 1, 3, 2, 6, 3, 6, 1, 1, 3, 3, 3, 4, 0, 3, 1, 3, 1, 3, 0, 0, 2, 3, 0, 4, 1, 4, 3, 2, 6, 3, 1, 1, 6, 3, 6, 5, 6, 3, 4, 3, 1, 3, 3, 4, 2, 3, 3, 3, 3, 3, 3, 4, 2, 1, 0, 4, 0, 6, 4, 2, 0, 4, 3, 1, 3, 3, 3, 3, 3, 3, 1, 3, 3, 2, 3, 3, 3, 3, 3, 6, 3, 6, 0, 1, 1, 2, 1, 0, 4, 2, 3, 6, 3, 3, 1, 1, 3, 3, 6, 3, 3, 2, 4, 3, 6, 2, 3, 3, 3, 0, 5, 3, 2, 6, 5, 2, 6, 2, 0, 5, 3, 6, 3, 5, 1, 2, 4, 2, 3, 3, 1, 1, 3, 1, 2, 3, 3, 1, 6, 1, 3, 3, 1, 3, 2, 3, 3, 3, 4, 2, 1, 6, 3, 5, 1, 3, 3, 1, 3, 3, 0, 5, 4, 6, 2, 3, 2, 3, 2, 3, 3, 1, 1, 3, 3, 3, 3, 0, 3, 1, 4, 6, 6, 1, 1, 3, 5, 1, 5, 6, 3, 3, 3, 2, 3, 1, 4, 3, 2, 3, 3, 3, 2, 3, 3, 1, 4, 2, 0, 6, 6, 2, 1, 3, 2, 2, 3, 1, 6, 2, 3, 6, 6, 3, 6, 3, 6, 3, 3, 3, 3, 3, 2, 4, 6, 2, 6, 3, 4, 2, 3, 5, 3, 3, 1, 6, 5, 3, 1, 0, 1, 0, 1, 1, 0, 1, 2, 3, 3, 3, 3, 3, 3, 4, 1, 3, 3, 0, 3, 4, 3, 1, 3, 6, 6, 1, 1, 3, 3, 3, 1, 4, 3, 0, 3, 3, 3, 3, 4, 6, 3, 6, 3, 2, 4, 1, 6, 4, 1, 2, 3, 1, 3, 4, 3, 3, 1, 3, 2, 3, 0, 3, 0, 3, 3, 3, 3, 3, 1]

Cost:	0.1
Kernel:	poly
Gamma:	0.0001
Degree: 3
Number of Support Vectors:	630
Labels:	[3, 4, 6, 1, 3, 2, 6, 6, 6, 1, 1, 3, 3, 3, 4, 0, 3, 1, 3, 1, 3, 0, 0, 2, 3, 0, 6, 1, 4, 3, 2, 6, 3, 1, 1, 6, 3, 6, 5, 6, 3, 4, 3, 1, 3, 3, 4, 0, 3, 3, 3, 3, 3, 3, 4, 2, 1, 0, 4, 0, 6, 4, 2, 0, 4, 3, 1, 3, 3, 3, 3, 3, 3, 0, 3, 3, 2, 3, 3, 3, 3, 3, 6, 3, 6, 0, 1, 1, 2, 1, 0, 4, 2, 3, 6, 3, 3, 1, 1, 3, 3, 6, 3, 3, 2, 4, 3, 6, 2, 3, 3, 3, 0, 5, 3, 2, 6, 5, 2, 6, 2, 0, 5, 3, 6, 3, 5, 1, 2, 4, 2, 3, 3, 1, 1, 3, 1, 2, 3, 3, 1, 6, 1, 3, 3, 1, 1, 2, 3, 3, 3, 4, 2, 1, 6, 3, 5, 1, 3, 3, 1, 3, 3, 0, 5, 4, 6, 2, 3, 3, 3, 2, 3, 3, 1, 1, 3, 3, 3, 3, 0, 3, 1, 4, 6, 6, 1, 1, 3, 5, 1, 5, 6, 3, 3, 3, 2, 3, 1, 4, 3, 2, 3, 3, 3, 2, 3, 3, 1, 4, 2, 0, 6, 6, 2, 1, 3, 2, 2, 3, 1, 6, 1, 3, 6, 6, 3, 6, 3, 6, 3, 3, 3, 3, 3, 2, 4, 6, 2, 6, 3, 4, 2, 3, 5, 3, 3, 1, 6, 5, 3, 1, 0, 1, 0, 1, 1, 0, 1, 2, 3, 3, 3, 3, 3, 3, 4, 1, 3, 6, 0, 3, 4, 3, 1, 3, 6, 6, 1, 1, 3, 3, 3, 1, 4, 3, 0, 3, 3, 3, 3, 4, 6, 3, 6, 3, 2, 3, 1, 3, 4, 1, 2, 3, 1, 3, 4, 3, 3, 1, 3, 2, 3, 0, 3, 0, 3, 3, 3, 3, 3, 1]

Cost:	0.1
Kernel:	poly
Gamma:	0.0001
Degree: 4
Number of Support Vectors:	603
Labels:	[3, 4, 6, 1, 3, 2, 1, 6, 6, 1, 1, 3, 3, 3, 4, 0, 3, 1, 3, 1, 3, 0, 0, 2, 3, 0, 6, 1, 2, 3, 2, 6, 3, 1, 1, 6, 3, 6, 5, 6, 3, 4, 3, 1, 3, 3, 4, 0, 3, 3, 3, 3, 3, 3, 4, 2, 1, 3, 4, 0, 6, 4, 2, 0, 4, 3, 1, 3, 3, 3, 3, 3, 3, 0, 3, 3, 2, 3, 3, 3, 3, 3, 6, 3, 6, 0, 1, 1, 2, 1, 0, 4, 2, 3, 6, 3, 3, 1, 1, 3, 3, 6, 3, 3, 2, 4, 3, 6, 2, 3, 3, 3, 0, 5, 3, 2, 6, 5, 2, 6, 2, 0, 5, 3, 6, 3, 5, 1, 2, 4, 2, 3, 3, 1, 1, 3, 3, 2, 3, 3, 1, 6, 1, 3, 3, 1, 1, 2, 3, 3, 3, 4, 2, 1, 6, 3, 5, 1, 3, 3, 1, 3, 3, 0, 4, 4, 6, 2, 3, 3, 3, 2, 3, 3, 1, 1, 3, 3, 3, 3, 0, 3, 1, 4, 6, 6, 1, 1, 3, 5, 1, 5, 6, 3, 3, 3, 2, 3, 1, 4, 3, 2, 3, 3, 3, 2, 3, 3, 1, 4, 2, 0, 6, 6, 2, 1, 3, 2, 2, 3, 1, 6, 1, 3, 1, 6, 3, 6, 3, 6, 3, 3, 3, 3, 3, 2, 4, 6, 2, 6, 3, 6, 2, 3, 5, 3, 3, 1, 6, 5, 3, 1, 0, 1, 0, 1, 1, 0, 1, 2, 3, 3, 3, 3, 3, 3, 4, 1, 3, 6, 0, 3, 4, 3, 1, 3, 6, 6, 1, 1, 3, 3, 3, 1, 4, 3, 0, 3, 3, 3, 3, 1, 6, 3, 6, 5, 2, 3, 1, 3, 4, 1, 2, 3, 1, 3, 4, 3, 3, 1, 5, 2, 3, 0, 3, 0, 3, 3, 4, 3, 3, 1]

Cost:	0.1
Kernel:	poly
Gamma:	0.001
Degree: 2
Number of Support Vectors:	655
Labels:	[3, 4, 6, 1, 3, 2, 6, 3, 6, 1, 1, 3, 3, 3, 4, 0, 3, 1, 3, 1, 3, 0, 0, 2, 3, 0, 4, 1, 4, 3, 2, 6, 3, 1, 1, 6, 3, 6, 5, 6, 3, 4, 3, 1, 3, 3, 4, 2, 3, 3, 3, 3, 3, 3, 4, 2, 1, 0, 4, 0, 6, 4, 2, 0, 4, 3, 1, 3, 3, 3, 3, 3, 3, 1, 3, 3, 2, 3, 3, 3, 3, 3, 6, 3, 6, 0, 1, 1, 2, 1, 0, 4, 2, 3, 6, 3, 3, 1, 1, 3, 3, 6, 3, 3, 2, 4, 3, 6, 2, 3, 3, 3, 0, 5, 3, 2, 6, 5, 2, 6, 2, 0, 5, 3, 6, 3, 5, 1, 2, 4, 2, 3, 3, 1, 1, 3, 1, 2, 3, 3, 1, 6, 1, 3, 3, 1, 3, 2, 3, 3, 3, 4, 2, 1, 6, 3, 5, 1, 3, 3, 1, 3, 3, 0, 5, 4, 6, 2, 3, 2, 3, 2, 3, 3, 1, 1, 3, 3, 3, 3, 0, 3, 1, 4, 6, 6, 1, 1, 3, 5, 1, 5, 6, 3, 3, 3, 2, 3, 1, 4, 3, 2, 3, 3, 3, 2, 3, 3, 1, 4, 2, 0, 6, 6, 2, 1, 3, 2, 2, 3, 1, 6, 2, 3, 6, 6, 3, 6, 3, 6, 3, 3, 3, 3, 3, 2, 4, 6, 2, 6, 3, 4, 2, 3, 5, 3, 3, 1, 6, 5, 3, 1, 0, 1, 0, 1, 1, 0, 1, 2, 3, 3, 3, 3, 3, 3, 4, 1, 3, 3, 0, 3, 4, 3, 1, 3, 6, 6, 1, 1, 3, 3, 3, 1, 4, 3, 0, 3, 3, 3, 3, 4, 6, 3, 6, 3, 2, 4, 1, 6, 4, 1, 2, 3, 1, 3, 4, 3, 3, 1, 3, 2, 3, 0, 3, 0, 3, 3, 3, 3, 3, 1]

Cost:	0.1
Kernel:	poly
Gamma:	0.001
Degree: 3
Number of Support Vectors:	630
Labels:	[3, 4, 6, 1, 3, 2, 6, 6, 6, 1, 1, 3, 3, 3, 4, 0, 3, 1, 3, 1, 3, 0, 0, 2, 3, 0, 6, 1, 4, 3, 2, 6, 3, 1, 1, 6, 3, 6, 5, 6, 3, 4, 3, 1, 3, 3, 4, 0, 3, 3, 3, 3, 3, 3, 4, 2, 1, 0, 4, 0, 6, 4, 2, 0, 4, 3, 1, 3, 3, 3, 3, 3, 3, 0, 3, 3, 2, 3, 3, 3, 3, 3, 6, 3, 6, 0, 1, 1, 2, 1, 0, 4, 2, 3, 6, 3, 3, 1, 1, 3, 3, 6, 3, 3, 2, 4, 3, 6, 2, 3, 3, 3, 0, 5, 3, 2, 6, 5, 2, 6, 2, 0, 5, 3, 6, 3, 5, 1, 2, 4, 2, 3, 3, 1, 1, 3, 1, 2, 3, 3, 1, 6, 1, 3, 3, 1, 1, 2, 3, 3, 3, 4, 2, 1, 6, 3, 5, 1, 3, 3, 1, 3, 3, 0, 5, 4, 6, 2, 3, 3, 3, 2, 3, 3, 1, 1, 3, 3, 3, 3, 0, 3, 1, 4, 6, 6, 1, 1, 3, 5, 1, 5, 6, 3, 3, 3, 2, 3, 1, 4, 3, 2, 3, 3, 3, 2, 3, 3, 1, 4, 2, 0, 6, 6, 2, 1, 3, 2, 2, 3, 1, 6, 1, 3, 6, 6, 3, 6, 3, 6, 3, 3, 3, 3, 3, 2, 4, 6, 2, 6, 3, 4, 2, 3, 5, 3, 3, 1, 6, 5, 3, 1, 0, 1, 0, 1, 1, 0, 1, 2, 3, 3, 3, 3, 3, 3, 4, 1, 3, 6, 0, 3, 4, 3, 1, 3, 6, 6, 1, 1, 3, 3, 3, 1, 4, 3, 0, 3, 3, 3, 3, 4, 6, 3, 6, 3, 2, 3, 1, 3, 4, 1, 2, 3, 1, 3, 4, 3, 3, 1, 3, 2, 3, 0, 3, 0, 3, 3, 3, 3, 3, 1]

Cost:	0.1
Kernel:	poly
Gamma:	0.001
Degree: 4
Number of Support Vectors:	603
Labels:	[3, 4, 6, 1, 3, 2, 1, 6, 6, 1, 1, 3, 3, 3, 4, 0, 3, 1, 3, 1, 3, 0, 0, 2, 3, 0, 6, 1, 2, 3, 2, 6, 3, 1, 1, 6, 3, 6, 5, 6, 3, 4, 3, 1, 3, 3, 4, 0, 3, 3, 3, 3, 3, 3, 4, 2, 1, 3, 4, 0, 6, 4, 2, 0, 4, 3, 1, 3, 3, 3, 3, 3, 3, 0, 3, 3, 2, 3, 3, 3, 3, 3, 6, 3, 6, 0, 1, 1, 2, 1, 0, 4, 2, 3, 6, 3, 3, 1, 1, 3, 3, 6, 3, 3, 2, 4, 3, 6, 2, 3, 3, 3, 0, 5, 3, 2, 6, 5, 2, 6, 2, 0, 5, 3, 6, 3, 5, 1, 2, 4, 2, 3, 3, 1, 1, 3, 3, 2, 3, 3, 1, 6, 1, 3, 3, 1, 1, 2, 3, 3, 3, 4, 2, 1, 6, 3, 5, 1, 3, 3, 1, 3, 3, 0, 4, 4, 6, 2, 3, 3, 3, 2, 3, 3, 1, 1, 3, 3, 3, 3, 0, 3, 1, 4, 6, 6, 1, 1, 3, 5, 1, 5, 6, 3, 3, 3, 2, 3, 1, 4, 3, 2, 3, 3, 3, 2, 3, 3, 1, 4, 2, 0, 6, 6, 2, 1, 3, 2, 2, 3, 1, 6, 1, 3, 1, 6, 3, 6, 3, 6, 3, 3, 3, 3, 3, 2, 4, 6, 2, 6, 3, 6, 2, 3, 5, 3, 3, 1, 6, 5, 3, 1, 0, 1, 0, 1, 1, 0, 1, 2, 3, 3, 3, 3, 3, 3, 4, 1, 3, 6, 0, 3, 4, 3, 1, 3, 6, 6, 1, 1, 3, 3, 3, 1, 4, 3, 0, 3, 3, 3, 3, 1, 6, 3, 6, 5, 2, 3, 1, 3, 4, 1, 2, 3, 1, 3, 4, 3, 3, 1, 5, 2, 3, 0, 3, 0, 3, 3, 4, 3, 3, 1]

Cost:	0.1
Kernel:	poly
Gamma:	0.01
Degree: 2
Number of Support Vectors:	655
Labels:	[3, 4, 6, 1, 3, 2, 6, 3, 6, 1, 1, 3, 3, 3, 4, 0, 3, 1, 3, 1, 3, 0, 0, 2, 3, 0, 4, 1, 4, 3, 2, 6, 3, 1, 1, 6, 3, 6, 5, 6, 3, 4, 3, 1, 3, 3, 4, 2, 3, 3, 3, 3, 3, 3, 4, 2, 1, 0, 4, 0, 6, 4, 2, 0, 4, 3, 1, 3, 3, 3, 3, 3, 3, 1, 3, 3, 2, 3, 3, 3, 3, 3, 6, 3, 6, 0, 1, 1, 2, 1, 0, 4, 2, 3, 6, 3, 3, 1, 1, 3, 3, 6, 3, 3, 2, 4, 3, 6, 2, 3, 3, 3, 0, 5, 3, 2, 6, 5, 2, 6, 2, 0, 5, 3, 6, 3, 5, 1, 2, 4, 2, 3, 3, 1, 1, 3, 1, 2, 3, 3, 1, 6, 1, 3, 3, 1, 3, 2, 3, 3, 3, 4, 2, 1, 6, 3, 5, 1, 3, 3, 1, 3, 3, 0, 5, 4, 6, 2, 3, 2, 3, 2, 3, 3, 1, 1, 3, 3, 3, 3, 0, 3, 1, 4, 6, 6, 1, 1, 3, 5, 1, 5, 6, 3, 3, 3, 2, 3, 1, 4, 3, 2, 3, 3, 3, 2, 3, 3, 1, 4, 2, 0, 6, 6, 2, 1, 3, 2, 2, 3, 1, 6, 2, 3, 6, 6, 3, 6, 3, 6, 3, 3, 3, 3, 3, 2, 4, 6, 2, 6, 3, 4, 2, 3, 5, 3, 3, 1, 6, 5, 3, 1, 0, 1, 0, 1, 1, 0, 1, 2, 3, 3, 3, 3, 3, 3, 4, 1, 3, 3, 0, 3, 4, 3, 1, 3, 6, 6, 1, 1, 3, 3, 3, 1, 4, 3, 0, 3, 3, 3, 3, 4, 6, 3, 6, 3, 2, 4, 1, 6, 4, 1, 2, 3, 1, 3, 4, 3, 3, 1, 3, 2, 3, 0, 3, 0, 3, 3, 3, 3, 3, 1]

Cost:	0.1
Kernel:	poly
Gamma:	0.01
Degree: 3
Number of Support Vectors:	630
Labels:	[3, 4, 6, 1, 3, 2, 6, 6, 6, 1, 1, 3, 3, 3, 4, 0, 3, 1, 3, 1, 3, 0, 0, 2, 3, 0, 6, 1, 4, 3, 2, 6, 3, 1, 1, 6, 3, 6, 5, 6, 3, 4, 3, 1, 3, 3, 4, 0, 3, 3, 3, 3, 3, 3, 4, 2, 1, 0, 4, 0, 6, 4, 2, 0, 4, 3, 1, 3, 3, 3, 3, 3, 3, 0, 3, 3, 2, 3, 3, 3, 3, 3, 6, 3, 6, 0, 1, 1, 2, 1, 0, 4, 2, 3, 6, 3, 3, 1, 1, 3, 3, 6, 3, 3, 2, 4, 3, 6, 2, 3, 3, 3, 0, 5, 3, 2, 6, 5, 2, 6, 2, 0, 5, 3, 6, 3, 5, 1, 2, 4, 2, 3, 3, 1, 1, 3, 1, 2, 3, 3, 1, 6, 1, 3, 3, 1, 1, 2, 3, 3, 3, 4, 2, 1, 6, 3, 5, 1, 3, 3, 1, 3, 3, 0, 5, 4, 6, 2, 3, 3, 3, 2, 3, 3, 1, 1, 3, 3, 3, 3, 0, 3, 1, 4, 6, 6, 1, 1, 3, 5, 1, 5, 6, 3, 3, 3, 2, 3, 1, 4, 3, 2, 3, 3, 3, 2, 3, 3, 1, 4, 2, 0, 6, 6, 2, 1, 3, 2, 2, 3, 1, 6, 1, 3, 6, 6, 3, 6, 3, 6, 3, 3, 3, 3, 3, 2, 4, 6, 2, 6, 3, 4, 2, 3, 5, 3, 3, 1, 6, 5, 3, 1, 0, 1, 0, 1, 1, 0, 1, 2, 3, 3, 3, 3, 3, 3, 4, 1, 3, 6, 0, 3, 4, 3, 1, 3, 6, 6, 1, 1, 3, 3, 3, 1, 4, 3, 0, 3, 3, 3, 3, 4, 6, 3, 6, 3, 2, 3, 1, 3, 4, 1, 2, 3, 1, 3, 4, 3, 3, 1, 3, 2, 3, 0, 3, 0, 3, 3, 3, 3, 3, 1]

Cost:	0.1
Kernel:	poly
Gamma:	0.01
Degree: 4
Number of Support Vectors:	603
Labels:	[3, 4, 6, 1, 3, 2, 1, 6, 6, 1, 1, 3, 3, 3, 4, 0, 3, 1, 3, 1, 3, 0, 0, 2, 3, 0, 6, 1, 2, 3, 2, 6, 3, 1, 1, 6, 3, 6, 5, 6, 3, 4, 3, 1, 3, 3, 4, 0, 3, 3, 3, 3, 3, 3, 4, 2, 1, 3, 4, 0, 6, 4, 2, 0, 4, 3, 1, 3, 3, 3, 3, 3, 3, 0, 3, 3, 2, 3, 3, 3, 3, 3, 6, 3, 6, 0, 1, 1, 2, 1, 0, 4, 2, 3, 6, 3, 3, 1, 1, 3, 3, 6, 3, 3, 2, 4, 3, 6, 2, 3, 3, 3, 0, 5, 3, 2, 6, 5, 2, 6, 2, 0, 5, 3, 6, 3, 5, 1, 2, 4, 2, 3, 3, 1, 1, 3, 3, 2, 3, 3, 1, 6, 1, 3, 3, 1, 1, 2, 3, 3, 3, 4, 2, 1, 6, 3, 5, 1, 3, 3, 1, 3, 3, 0, 4, 4, 6, 2, 3, 3, 3, 2, 3, 3, 1, 1, 3, 3, 3, 3, 0, 3, 1, 4, 6, 6, 1, 1, 3, 5, 1, 5, 6, 3, 3, 3, 2, 3, 1, 4, 3, 2, 3, 3, 3, 2, 3, 3, 1, 4, 2, 0, 6, 6, 2, 1, 3, 2, 2, 3, 1, 6, 1, 3, 1, 6, 3, 6, 3, 6, 3, 3, 3, 3, 3, 2, 4, 6, 2, 6, 3, 6, 2, 3, 5, 3, 3, 1, 6, 5, 3, 1, 0, 1, 0, 1, 1, 0, 1, 2, 3, 3, 3, 3, 3, 3, 4, 1, 3, 6, 0, 3, 4, 3, 1, 3, 6, 6, 1, 1, 3, 3, 3, 1, 4, 3, 0, 3, 3, 3, 3, 1, 6, 3, 6, 5, 2, 3, 1, 3, 4, 1, 2, 3, 1, 3, 4, 3, 3, 1, 5, 2, 3, 0, 3, 0, 3, 3, 4, 3, 3, 1]

Cost:	0.1
Kernel:	poly
Gamma:	0.1
Degree: 2
Number of Support Vectors:	655
Labels:	[3, 4, 6, 1, 3, 2, 6, 3, 6, 1, 1, 3, 3, 3, 4, 0, 3, 1, 3, 1, 3, 0, 0, 2, 3, 0, 4, 1, 4, 3, 2, 6, 3, 1, 1, 6, 3, 6, 5, 6, 3, 4, 3, 1, 3, 3, 4, 2, 3, 3, 3, 3, 3, 3, 4, 2, 1, 0, 4, 0, 6, 4, 2, 0, 4, 3, 1, 3, 3, 3, 3, 3, 3, 1, 3, 3, 2, 3, 3, 3, 3, 3, 6, 3, 6, 0, 1, 1, 2, 1, 0, 4, 2, 3, 6, 3, 3, 1, 1, 3, 3, 6, 3, 3, 2, 4, 3, 6, 2, 3, 3, 3, 0, 5, 3, 2, 6, 5, 2, 6, 2, 0, 5, 3, 6, 3, 5, 1, 2, 4, 2, 3, 3, 1, 1, 3, 1, 2, 3, 3, 1, 6, 1, 3, 3, 1, 3, 2, 3, 3, 3, 4, 2, 1, 6, 3, 5, 1, 3, 3, 1, 3, 3, 0, 5, 4, 6, 2, 3, 2, 3, 2, 3, 3, 1, 1, 3, 3, 3, 3, 0, 3, 1, 4, 6, 6, 1, 1, 3, 5, 1, 5, 6, 3, 3, 3, 2, 3, 1, 4, 3, 2, 3, 3, 3, 2, 3, 3, 1, 4, 2, 0, 6, 6, 2, 1, 3, 2, 2, 3, 1, 6, 2, 3, 6, 6, 3, 6, 3, 6, 3, 3, 3, 3, 3, 2, 4, 6, 2, 6, 3, 4, 2, 3, 5, 3, 3, 1, 6, 5, 3, 1, 0, 1, 0, 1, 1, 0, 1, 2, 3, 3, 3, 3, 3, 3, 4, 1, 3, 3, 0, 3, 4, 3, 1, 3, 6, 6, 1, 1, 3, 3, 3, 1, 4, 3, 0, 3, 3, 3, 3, 4, 6, 3, 6, 3, 2, 4, 1, 6, 4, 1, 2, 3, 1, 3, 4, 3, 3, 1, 3, 2, 3, 0, 3, 0, 3, 3, 3, 3, 3, 1]

Cost:	0.1
Kernel:	poly
Gamma:	0.1
Degree: 3
Number of Support Vectors:	630
Labels:	[3, 4, 6, 1, 3, 2, 6, 6, 6, 1, 1, 3, 3, 3, 4, 0, 3, 1, 3, 1, 3, 0, 0, 2, 3, 0, 6, 1, 4, 3, 2, 6, 3, 1, 1, 6, 3, 6, 5, 6, 3, 4, 3, 1, 3, 3, 4, 0, 3, 3, 3, 3, 3, 3, 4, 2, 1, 0, 4, 0, 6, 4, 2, 0, 4, 3, 1, 3, 3, 3, 3, 3, 3, 0, 3, 3, 2, 3, 3, 3, 3, 3, 6, 3, 6, 0, 1, 1, 2, 1, 0, 4, 2, 3, 6, 3, 3, 1, 1, 3, 3, 6, 3, 3, 2, 4, 3, 6, 2, 3, 3, 3, 0, 5, 3, 2, 6, 5, 2, 6, 2, 0, 5, 3, 6, 3, 5, 1, 2, 4, 2, 3, 3, 1, 1, 3, 1, 2, 3, 3, 1, 6, 1, 3, 3, 1, 1, 2, 3, 3, 3, 4, 2, 1, 6, 3, 5, 1, 3, 3, 1, 3, 3, 0, 5, 4, 6, 2, 3, 3, 3, 2, 3, 3, 1, 1, 3, 3, 3, 3, 0, 3, 1, 4, 6, 6, 1, 1, 3, 5, 1, 5, 6, 3, 3, 3, 2, 3, 1, 4, 3, 2, 3, 3, 3, 2, 3, 3, 1, 4, 2, 0, 6, 6, 2, 1, 3, 2, 2, 3, 1, 6, 1, 3, 6, 6, 3, 6, 3, 6, 3, 3, 3, 3, 3, 2, 4, 6, 2, 6, 3, 4, 2, 3, 5, 3, 3, 1, 6, 5, 3, 1, 0, 1, 0, 1, 1, 0, 1, 2, 3, 3, 3, 3, 3, 3, 4, 1, 3, 6, 0, 3, 4, 3, 1, 3, 6, 6, 1, 1, 3, 3, 3, 1, 4, 3, 0, 3, 3, 3, 3, 4, 6, 3, 6, 3, 2, 3, 1, 3, 4, 1, 2, 3, 1, 3, 4, 3, 3, 1, 3, 2, 3, 0, 3, 0, 3, 3, 3, 3, 3, 1]

Cost:	0.1
Kernel:	poly
Gamma:	0.1
Degree: 4
Number of Support Vectors:	603
Labels:	[3, 4, 6, 1, 3, 2, 1, 6, 6, 1, 1, 3, 3, 3, 4, 0, 3, 1, 3, 1, 3, 0, 0, 2, 3, 0, 6, 1, 2, 3, 2, 6, 3, 1, 1, 6, 3, 6, 5, 6, 3, 4, 3, 1, 3, 3, 4, 0, 3, 3, 3, 3, 3, 3, 4, 2, 1, 3, 4, 0, 6, 4, 2, 0, 4, 3, 1, 3, 3, 3, 3, 3, 3, 0, 3, 3, 2, 3, 3, 3, 3, 3, 6, 3, 6, 0, 1, 1, 2, 1, 0, 4, 2, 3, 6, 3, 3, 1, 1, 3, 3, 6, 3, 3, 2, 4, 3, 6, 2, 3, 3, 3, 0, 5, 3, 2, 6, 5, 2, 6, 2, 0, 5, 3, 6, 3, 5, 1, 2, 4, 2, 3, 3, 1, 1, 3, 3, 2, 3, 3, 1, 6, 1, 3, 3, 1, 1, 2, 3, 3, 3, 4, 2, 1, 6, 3, 5, 1, 3, 3, 1, 3, 3, 0, 4, 4, 6, 2, 3, 3, 3, 2, 3, 3, 1, 1, 3, 3, 3, 3, 0, 3, 1, 4, 6, 6, 1, 1, 3, 5, 1, 5, 6, 3, 3, 3, 2, 3, 1, 4, 3, 2, 3, 3, 3, 2, 3, 3, 1, 4, 2, 0, 6, 6, 2, 1, 3, 2, 2, 3, 1, 6, 1, 3, 1, 6, 3, 6, 3, 6, 3, 3, 3, 3, 3, 2, 4, 6, 2, 6, 3, 6, 2, 3, 5, 3, 3, 1, 6, 5, 3, 1, 0, 1, 0, 1, 1, 0, 1, 2, 3, 3, 3, 3, 3, 3, 4, 1, 3, 6, 0, 3, 4, 3, 1, 3, 6, 6, 1, 1, 3, 3, 3, 1, 4, 3, 0, 3, 3, 3, 3, 1, 6, 3, 6, 5, 2, 3, 1, 3, 4, 1, 2, 3, 1, 3, 4, 3, 3, 1, 5, 2, 3, 0, 3, 0, 3, 3, 4, 3, 3, 1]

Cost:	0.1
Kernel:	poly
Gamma:	1
Degree: 2
Number of Support Vectors:	656
Labels:	[3, 4, 6, 1, 3, 2, 6, 3, 6, 1, 1, 3, 3, 3, 4, 0, 3, 1, 3, 1, 3, 0, 0, 2, 3, 0, 4, 1, 4, 3, 2, 6, 3, 1, 1, 6, 3, 6, 5, 6, 3, 4, 3, 1, 3, 3, 4, 2, 3, 3, 3, 3, 3, 3, 4, 2, 1, 0, 4, 0, 6, 4, 2, 0, 4, 3, 1, 3, 3, 3, 3, 3, 3, 1, 3, 3, 2, 3, 3, 3, 3, 3, 6, 3, 6, 0, 1, 1, 2, 1, 0, 4, 2, 3, 6, 3, 3, 1, 1, 3, 3, 6, 3, 3, 2, 4, 3, 6, 2, 3, 3, 3, 0, 5, 3, 2, 6, 5, 2, 6, 2, 0, 5, 3, 6, 3, 5, 1, 2, 4, 2, 3, 3, 1, 1, 3, 1, 2, 3, 3, 1, 6, 1, 3, 3, 1, 3, 2, 3, 3, 3, 4, 2, 1, 6, 3, 5, 1, 3, 3, 1, 3, 3, 0, 5, 4, 6, 2, 3, 2, 3, 2, 3, 3, 1, 1, 3, 3, 3, 3, 0, 3, 1, 4, 6, 6, 1, 1, 3, 5, 1, 5, 6, 3, 3, 3, 2, 3, 1, 4, 3, 2, 3, 3, 3, 2, 3, 3, 1, 4, 2, 0, 6, 6, 2, 1, 3, 2, 2, 3, 1, 6, 2, 3, 6, 6, 3, 6, 3, 6, 3, 3, 3, 3, 3, 2, 4, 6, 2, 6, 3, 4, 2, 3, 5, 3, 3, 1, 6, 5, 3, 1, 0, 1, 0, 1, 1, 0, 1, 2, 3, 3, 3, 3, 3, 3, 4, 1, 3, 3, 0, 3, 4, 3, 1, 3, 6, 6, 1, 1, 3, 3, 3, 1, 4, 3, 0, 3, 3, 3, 3, 4, 6, 3, 6, 3, 2, 4, 1, 6, 4, 1, 2, 3, 1, 3, 4, 3, 3, 1, 3, 2, 3, 0, 3, 0, 3, 3, 3, 3, 3, 1]

Cost:	0.1
Kernel:	poly
Gamma:	1
Degree: 3
Number of Support Vectors:	630
Labels:	[3, 4, 6, 1, 3, 2, 6, 6, 6, 1, 1, 3, 3, 3, 4, 0, 3, 1, 3, 1, 3, 0, 0, 2, 3, 0, 6, 1, 4, 3, 2, 6, 3, 1, 1, 6, 3, 6, 5, 6, 3, 4, 3, 1, 3, 3, 4, 0, 3, 3, 3, 3, 3, 3, 4, 2, 1, 0, 4, 0, 6, 4, 2, 0, 4, 3, 1, 3, 3, 3, 3, 3, 3, 0, 3, 3, 2, 3, 3, 3, 3, 3, 6, 3, 6, 0, 1, 1, 2, 1, 0, 4, 2, 3, 6, 3, 3, 1, 1, 3, 3, 6, 3, 3, 2, 4, 3, 6, 2, 3, 3, 3, 0, 5, 3, 2, 6, 5, 2, 6, 2, 0, 5, 3, 6, 3, 5, 1, 2, 4, 2, 3, 3, 1, 1, 3, 1, 2, 3, 3, 1, 6, 1, 3, 3, 1, 1, 2, 3, 3, 3, 4, 2, 1, 6, 3, 5, 1, 3, 3, 1, 3, 3, 0, 5, 4, 6, 2, 3, 3, 3, 2, 3, 3, 1, 1, 3, 3, 3, 3, 0, 3, 1, 4, 6, 6, 1, 1, 3, 5, 1, 5, 6, 3, 3, 3, 2, 3, 1, 4, 3, 2, 3, 3, 3, 2, 3, 3, 1, 4, 2, 0, 6, 6, 2, 1, 3, 2, 2, 3, 1, 6, 1, 3, 6, 6, 3, 6, 3, 6, 3, 3, 3, 3, 3, 2, 4, 6, 2, 6, 3, 4, 2, 3, 5, 3, 3, 1, 6, 5, 3, 1, 0, 1, 0, 1, 1, 0, 1, 2, 3, 3, 3, 3, 3, 3, 4, 1, 3, 6, 0, 3, 4, 3, 1, 3, 6, 6, 1, 1, 3, 3, 3, 1, 4, 3, 0, 3, 3, 3, 3, 4, 6, 3, 6, 3, 2, 3, 1, 3, 4, 1, 2, 3, 1, 3, 4, 3, 3, 1, 3, 2, 3, 0, 3, 0, 3, 3, 3, 3, 3, 1]

Cost:	0.1
Kernel:	poly
Gamma:	1
Degree: 4
Number of Support Vectors:	603
Labels:	[3, 4, 6, 1, 3, 2, 1, 6, 6, 1, 1, 3, 3, 3, 4, 0, 3, 1, 3, 1, 3, 0, 0, 2, 3, 0, 6, 1, 2, 3, 2, 6, 3, 1, 1, 6, 3, 6, 5, 6, 3, 4, 3, 1, 3, 3, 4, 0, 3, 3, 3, 3, 3, 3, 4, 2, 1, 3, 4, 0, 6, 4, 2, 0, 4, 3, 1, 3, 3, 3, 3, 3, 3, 0, 3, 3, 2, 3, 3, 3, 3, 3, 6, 3, 6, 0, 1, 1, 2, 1, 0, 4, 2, 3, 6, 3, 3, 1, 1, 3, 3, 6, 3, 3, 2, 4, 3, 6, 2, 3, 3, 3, 0, 5, 3, 2, 6, 5, 2, 6, 2, 0, 5, 3, 6, 3, 5, 1, 2, 4, 2, 3, 3, 1, 1, 3, 3, 2, 3, 3, 1, 6, 1, 3, 3, 1, 1, 2, 3, 3, 3, 4, 2, 1, 6, 3, 5, 1, 3, 3, 1, 3, 3, 0, 4, 4, 6, 2, 3, 3, 3, 2, 3, 3, 1, 1, 3, 3, 3, 3, 0, 3, 1, 4, 6, 6, 1, 1, 3, 5, 1, 5, 6, 3, 3, 3, 2, 3, 1, 4, 3, 2, 3, 3, 3, 2, 3, 3, 1, 4, 2, 0, 6, 6, 2, 1, 3, 2, 2, 3, 1, 6, 1, 3, 1, 6, 3, 6, 3, 6, 3, 3, 3, 3, 3, 2, 4, 6, 2, 6, 3, 6, 2, 3, 5, 3, 3, 1, 6, 5, 3, 1, 0, 1, 0, 1, 1, 0, 1, 2, 3, 3, 3, 3, 3, 3, 4, 1, 3, 6, 0, 3, 4, 3, 1, 3, 6, 6, 1, 1, 3, 3, 3, 1, 4, 3, 0, 3, 3, 3, 3, 1, 6, 3, 6, 5, 2, 3, 1, 3, 4, 1, 2, 3, 1, 3, 4, 3, 3, 1, 5, 2, 3, 0, 3, 0, 3, 3, 4, 3, 3, 1]

Cost:	1
Kernel:	poly
Gamma:	0.0001
Degree: 2
Number of Support Vectors:	655
Labels:	[3, 4, 6, 1, 3, 2, 6, 3, 6, 1, 1, 3, 3, 3, 4, 0, 3, 1, 3, 1, 3, 0, 0, 2, 3, 0, 4, 1, 4, 3, 2, 6, 3, 1, 1, 6, 3, 6, 5, 6, 3, 4, 3, 1, 3, 3, 4, 2, 3, 3, 3, 3, 3, 3, 4, 2, 1, 0, 4, 0, 6, 4, 2, 0, 4, 3, 1, 3, 3, 3, 3, 3, 3, 1, 3, 3, 2, 3, 3, 3, 3, 3, 6, 3, 6, 0, 1, 1, 2, 1, 0, 4, 2, 3, 6, 3, 3, 1, 1, 3, 3, 6, 3, 3, 2, 4, 3, 6, 2, 3, 3, 3, 0, 5, 3, 2, 6, 5, 2, 6, 2, 0, 5, 3, 6, 3, 5, 1, 2, 4, 2, 3, 3, 1, 1, 3, 1, 2, 3, 3, 1, 6, 1, 3, 3, 1, 3, 2, 3, 3, 3, 4, 2, 1, 6, 3, 5, 1, 3, 3, 1, 3, 3, 0, 5, 4, 6, 2, 3, 2, 3, 2, 3, 3, 1, 1, 3, 3, 3, 3, 0, 3, 1, 4, 6, 6, 1, 1, 3, 5, 1, 5, 6, 3, 3, 3, 2, 3, 1, 4, 3, 2, 3, 3, 3, 2, 3, 3, 1, 4, 2, 0, 6, 6, 2, 1, 3, 2, 2, 3, 1, 6, 2, 3, 6, 6, 3, 6, 3, 6, 3, 3, 3, 3, 3, 2, 4, 6, 2, 6, 3, 4, 2, 3, 5, 3, 3, 1, 6, 5, 3, 1, 0, 1, 0, 1, 1, 0, 1, 2, 3, 3, 3, 3, 3, 3, 4, 1, 3, 3, 0, 3, 4, 3, 1, 3, 6, 6, 1, 1, 3, 3, 3, 1, 4, 3, 0, 3, 3, 3, 3, 4, 6, 3, 6, 3, 2, 4, 1, 6, 4, 1, 2, 3, 1, 3, 4, 3, 3, 1, 3, 2, 3, 0, 3, 0, 3, 3, 3, 3, 3, 1]

Cost:	1
Kernel:	poly
Gamma:	0.0001
Degree: 3
Number of Support Vectors:	630
Labels:	[3, 4, 6, 1, 3, 2, 6, 6, 6, 1, 1, 3, 3, 3, 4, 0, 3, 1, 3, 1, 3, 0, 0, 2, 3, 0, 6, 1, 4, 3, 2, 6, 3, 1, 1, 6, 3, 6, 5, 6, 3, 4, 3, 1, 3, 3, 4, 0, 3, 3, 3, 3, 3, 3, 4, 2, 1, 0, 4, 0, 6, 4, 2, 0, 4, 3, 1, 3, 3, 3, 3, 3, 3, 0, 3, 3, 2, 3, 3, 3, 3, 3, 6, 3, 6, 0, 1, 1, 2, 1, 0, 4, 2, 3, 6, 3, 3, 1, 1, 3, 3, 6, 3, 3, 2, 4, 3, 6, 2, 3, 3, 3, 0, 5, 3, 2, 6, 5, 2, 6, 2, 0, 5, 3, 6, 3, 5, 1, 2, 4, 2, 3, 3, 1, 1, 3, 1, 2, 3, 3, 1, 6, 1, 3, 3, 1, 1, 2, 3, 3, 3, 4, 2, 1, 6, 3, 5, 1, 3, 3, 1, 3, 3, 0, 5, 4, 6, 2, 3, 3, 3, 2, 3, 3, 1, 1, 3, 3, 3, 3, 0, 3, 1, 4, 6, 6, 1, 1, 3, 5, 1, 5, 6, 3, 3, 3, 2, 3, 1, 4, 3, 2, 3, 3, 3, 2, 3, 3, 1, 4, 2, 0, 6, 6, 2, 1, 3, 2, 2, 3, 1, 6, 1, 3, 6, 6, 3, 6, 3, 6, 3, 3, 3, 3, 3, 2, 4, 6, 2, 6, 3, 4, 2, 3, 5, 3, 3, 1, 6, 5, 3, 1, 0, 1, 0, 1, 1, 0, 1, 2, 3, 3, 3, 3, 3, 3, 4, 1, 3, 6, 0, 3, 4, 3, 1, 3, 6, 6, 1, 1, 3, 3, 3, 1, 4, 3, 0, 3, 3, 3, 3, 4, 6, 3, 6, 3, 2, 3, 1, 3, 4, 1, 2, 3, 1, 3, 4, 3, 3, 1, 3, 2, 3, 0, 3, 0, 3, 3, 3, 3, 3, 1]

Cost:	1
Kernel:	poly
Gamma:	0.0001
Degree: 4
Number of Support Vectors:	603
Labels:	[3, 4, 6, 1, 3, 2, 1, 6, 6, 1, 1, 3, 3, 3, 4, 0, 3, 1, 3, 1, 3, 0, 0, 2, 3, 0, 6, 1, 2, 3, 2, 6, 3, 1, 1, 6, 3, 6, 5, 6, 3, 4, 3, 1, 3, 3, 4, 0, 3, 3, 3, 3, 3, 3, 4, 2, 1, 3, 4, 0, 6, 4, 2, 0, 4, 3, 1, 3, 3, 3, 3, 3, 3, 0, 3, 3, 2, 3, 3, 3, 3, 3, 6, 3, 6, 0, 1, 1, 2, 1, 0, 4, 2, 3, 6, 3, 3, 1, 1, 3, 3, 6, 3, 3, 2, 4, 3, 6, 2, 3, 3, 3, 0, 5, 3, 2, 6, 5, 2, 6, 2, 0, 5, 3, 6, 3, 5, 1, 2, 4, 2, 3, 3, 1, 1, 3, 3, 2, 3, 3, 1, 6, 1, 3, 3, 1, 1, 2, 3, 3, 3, 4, 2, 1, 6, 3, 5, 1, 3, 3, 1, 3, 3, 0, 4, 4, 6, 2, 3, 3, 3, 2, 3, 3, 1, 1, 3, 3, 3, 3, 0, 3, 1, 4, 6, 6, 1, 1, 3, 5, 1, 5, 6, 3, 3, 3, 2, 3, 1, 4, 3, 2, 3, 3, 3, 2, 3, 3, 1, 4, 2, 0, 6, 6, 2, 1, 3, 2, 2, 3, 1, 6, 1, 3, 1, 6, 3, 6, 3, 6, 3, 3, 3, 3, 3, 2, 4, 6, 2, 6, 3, 6, 2, 3, 5, 3, 3, 1, 6, 5, 3, 1, 0, 1, 0, 1, 1, 0, 1, 2, 3, 3, 3, 3, 3, 3, 4, 1, 3, 6, 0, 3, 4, 3, 1, 3, 6, 6, 1, 1, 3, 3, 3, 1, 4, 3, 0, 3, 3, 3, 3, 1, 6, 3, 6, 5, 2, 3, 1, 3, 4, 1, 2, 3, 1, 3, 4, 3, 3, 1, 5, 2, 3, 0, 3, 0, 3, 3, 4, 3, 3, 1]

Cost:	1
Kernel:	poly
Gamma:	0.001
Degree: 2
Number of Support Vectors:	655
Labels:	[3, 4, 6, 1, 3, 2, 6, 3, 6, 1, 1, 3, 3, 3, 4, 0, 3, 1, 3, 1, 3, 0, 0, 2, 3, 0, 4, 1, 4, 3, 2, 6, 3, 1, 1, 6, 3, 6, 5, 6, 3, 4, 3, 1, 3, 3, 4, 2, 3, 3, 3, 3, 3, 3, 4, 2, 1, 0, 4, 0, 6, 4, 2, 0, 4, 3, 1, 3, 3, 3, 3, 3, 3, 1, 3, 3, 2, 3, 3, 3, 3, 3, 6, 3, 6, 0, 1, 1, 2, 1, 0, 4, 2, 3, 6, 3, 3, 1, 1, 3, 3, 6, 3, 3, 2, 4, 3, 6, 2, 3, 3, 3, 0, 5, 3, 2, 6, 5, 2, 6, 2, 0, 5, 3, 6, 3, 5, 1, 2, 4, 2, 3, 3, 1, 1, 3, 1, 2, 3, 3, 1, 6, 1, 3, 3, 1, 3, 2, 3, 3, 3, 4, 2, 1, 6, 3, 5, 1, 3, 3, 1, 3, 3, 0, 5, 4, 6, 2, 3, 2, 3, 2, 3, 3, 1, 1, 3, 3, 3, 3, 0, 3, 1, 4, 6, 6, 1, 1, 3, 5, 1, 5, 6, 3, 3, 3, 2, 3, 1, 4, 3, 2, 3, 3, 3, 2, 3, 3, 1, 4, 2, 0, 6, 6, 2, 1, 3, 2, 2, 3, 1, 6, 2, 3, 6, 6, 3, 6, 3, 6, 3, 3, 3, 3, 3, 2, 4, 6, 2, 6, 3, 4, 2, 3, 5, 3, 3, 1, 6, 5, 3, 1, 0, 1, 0, 1, 1, 0, 1, 2, 3, 3, 3, 3, 3, 3, 4, 1, 3, 3, 0, 3, 4, 3, 1, 3, 6, 6, 1, 1, 3, 3, 3, 1, 4, 3, 0, 3, 3, 3, 3, 4, 6, 3, 6, 3, 2, 4, 1, 6, 4, 1, 2, 3, 1, 3, 4, 3, 3, 1, 3, 2, 3, 0, 3, 0, 3, 3, 3, 3, 3, 1]

Cost:	1
Kernel:	poly
Gamma:	0.001
Degree: 3
Number of Support Vectors:	630
Labels:	[3, 4, 6, 1, 3, 2, 6, 6, 6, 1, 1, 3, 3, 3, 4, 0, 3, 1, 3, 1, 3, 0, 0, 2, 3, 0, 6, 1, 4, 3, 2, 6, 3, 1, 1, 6, 3, 6, 5, 6, 3, 4, 3, 1, 3, 3, 4, 0, 3, 3, 3, 3, 3, 3, 4, 2, 1, 0, 4, 0, 6, 4, 2, 0, 4, 3, 1, 3, 3, 3, 3, 3, 3, 0, 3, 3, 2, 3, 3, 3, 3, 3, 6, 3, 6, 0, 1, 1, 2, 1, 0, 4, 2, 3, 6, 3, 3, 1, 1, 3, 3, 6, 3, 3, 2, 4, 3, 6, 2, 3, 3, 3, 0, 5, 3, 2, 6, 5, 2, 6, 2, 0, 5, 3, 6, 3, 5, 1, 2, 4, 2, 3, 3, 1, 1, 3, 1, 2, 3, 3, 1, 6, 1, 3, 3, 1, 1, 2, 3, 3, 3, 4, 2, 1, 6, 3, 5, 1, 3, 3, 1, 3, 3, 0, 5, 4, 6, 2, 3, 3, 3, 2, 3, 3, 1, 1, 3, 3, 3, 3, 0, 3, 1, 4, 6, 6, 1, 1, 3, 5, 1, 5, 6, 3, 3, 3, 2, 3, 1, 4, 3, 2, 3, 3, 3, 2, 3, 3, 1, 4, 2, 0, 6, 6, 2, 1, 3, 2, 2, 3, 1, 6, 1, 3, 6, 6, 3, 6, 3, 6, 3, 3, 3, 3, 3, 2, 4, 6, 2, 6, 3, 4, 2, 3, 5, 3, 3, 1, 6, 5, 3, 1, 0, 1, 0, 1, 1, 0, 1, 2, 3, 3, 3, 3, 3, 3, 4, 1, 3, 6, 0, 3, 4, 3, 1, 3, 6, 6, 1, 1, 3, 3, 3, 1, 4, 3, 0, 3, 3, 3, 3, 4, 6, 3, 6, 3, 2, 3, 1, 3, 4, 1, 2, 3, 1, 3, 4, 3, 3, 1, 3, 2, 3, 0, 3, 0, 3, 3, 3, 3, 3, 1]

Cost:	1
Kernel:	poly
Gamma:	0.001
Degree: 4
Number of Support Vectors:	603
Labels:	[3, 4, 6, 1, 3, 2, 1, 6, 6, 1, 1, 3, 3, 3, 4, 0, 3, 1, 3, 1, 3, 0, 0, 2, 3, 0, 6, 1, 2, 3, 2, 6, 3, 1, 1, 6, 3, 6, 5, 6, 3, 4, 3, 1, 3, 3, 4, 0, 3, 3, 3, 3, 3, 3, 4, 2, 1, 3, 4, 0, 6, 4, 2, 0, 4, 3, 1, 3, 3, 3, 3, 3, 3, 0, 3, 3, 2, 3, 3, 3, 3, 3, 6, 3, 6, 0, 1, 1, 2, 1, 0, 4, 2, 3, 6, 3, 3, 1, 1, 3, 3, 6, 3, 3, 2, 4, 3, 6, 2, 3, 3, 3, 0, 5, 3, 2, 6, 5, 2, 6, 2, 0, 5, 3, 6, 3, 5, 1, 2, 4, 2, 3, 3, 1, 1, 3, 3, 2, 3, 3, 1, 6, 1, 3, 3, 1, 1, 2, 3, 3, 3, 4, 2, 1, 6, 3, 5, 1, 3, 3, 1, 3, 3, 0, 4, 4, 6, 2, 3, 3, 3, 2, 3, 3, 1, 1, 3, 3, 3, 3, 0, 3, 1, 4, 6, 6, 1, 1, 3, 5, 1, 5, 6, 3, 3, 3, 2, 3, 1, 4, 3, 2, 3, 3, 3, 2, 3, 3, 1, 4, 2, 0, 6, 6, 2, 1, 3, 2, 2, 3, 1, 6, 1, 3, 1, 6, 3, 6, 3, 6, 3, 3, 3, 3, 3, 2, 4, 6, 2, 6, 3, 6, 2, 3, 5, 3, 3, 1, 6, 5, 3, 1, 0, 1, 0, 1, 1, 0, 1, 2, 3, 3, 3, 3, 3, 3, 4, 1, 3, 6, 0, 3, 4, 3, 1, 3, 6, 6, 1, 1, 3, 3, 3, 1, 4, 3, 0, 3, 3, 3, 3, 1, 6, 3, 6, 5, 2, 3, 1, 3, 4, 1, 2, 3, 1, 3, 4, 3, 3, 1, 5, 2, 3, 0, 3, 0, 3, 3, 4, 3, 3, 1]

Cost:	1
Kernel:	poly
Gamma:	0.01
Degree: 2
Number of Support Vectors:	655
Labels:	[3, 4, 6, 1, 3, 2, 6, 3, 6, 1, 1, 3, 3, 3, 4, 0, 3, 1, 3, 1, 3, 0, 0, 2, 3, 0, 4, 1, 4, 3, 2, 6, 3, 1, 1, 6, 3, 6, 5, 6, 3, 4, 3, 1, 3, 3, 4, 2, 3, 3, 3, 3, 3, 3, 4, 2, 1, 0, 4, 0, 6, 4, 2, 0, 4, 3, 1, 3, 3, 3, 3, 3, 3, 1, 3, 3, 2, 3, 3, 3, 3, 3, 6, 3, 6, 0, 1, 1, 2, 1, 0, 4, 2, 3, 6, 3, 3, 1, 1, 3, 3, 6, 3, 3, 2, 4, 3, 6, 2, 3, 3, 3, 0, 5, 3, 2, 6, 5, 2, 6, 2, 0, 5, 3, 6, 3, 5, 1, 2, 4, 2, 3, 3, 1, 1, 3, 1, 2, 3, 3, 1, 6, 1, 3, 3, 1, 3, 2, 3, 3, 3, 4, 2, 1, 6, 3, 5, 1, 3, 3, 1, 3, 3, 0, 5, 4, 6, 2, 3, 2, 3, 2, 3, 3, 1, 1, 3, 3, 3, 3, 0, 3, 1, 4, 6, 6, 1, 1, 3, 5, 1, 5, 6, 3, 3, 3, 2, 3, 1, 4, 3, 2, 3, 3, 3, 2, 3, 3, 1, 4, 2, 0, 6, 6, 2, 1, 3, 2, 2, 3, 1, 6, 2, 3, 6, 6, 3, 6, 3, 6, 3, 3, 3, 3, 3, 2, 4, 6, 2, 6, 3, 4, 2, 3, 5, 3, 3, 1, 6, 5, 3, 1, 0, 1, 0, 1, 1, 0, 1, 2, 3, 3, 3, 3, 3, 3, 4, 1, 3, 3, 0, 3, 4, 3, 1, 3, 6, 6, 1, 1, 3, 3, 3, 1, 4, 3, 0, 3, 3, 3, 3, 4, 6, 3, 6, 3, 2, 4, 1, 6, 4, 1, 2, 3, 1, 3, 4, 3, 3, 1, 3, 2, 3, 0, 3, 0, 3, 3, 3, 3, 3, 1]

Cost:	1
Kernel:	poly
Gamma:	0.01
Degree: 3
Number of Support Vectors:	630
Labels:	[3, 4, 6, 1, 3, 2, 6, 6, 6, 1, 1, 3, 3, 3, 4, 0, 3, 1, 3, 1, 3, 0, 0, 2, 3, 0, 6, 1, 4, 3, 2, 6, 3, 1, 1, 6, 3, 6, 5, 6, 3, 4, 3, 1, 3, 3, 4, 0, 3, 3, 3, 3, 3, 3, 4, 2, 1, 0, 4, 0, 6, 4, 2, 0, 4, 3, 1, 3, 3, 3, 3, 3, 3, 0, 3, 3, 2, 3, 3, 3, 3, 3, 6, 3, 6, 0, 1, 1, 2, 1, 0, 4, 2, 3, 6, 3, 3, 1, 1, 3, 3, 6, 3, 3, 2, 4, 3, 6, 2, 3, 3, 3, 0, 5, 3, 2, 6, 5, 2, 6, 2, 0, 5, 3, 6, 3, 5, 1, 2, 4, 2, 3, 3, 1, 1, 3, 1, 2, 3, 3, 1, 6, 1, 3, 3, 1, 1, 2, 3, 3, 3, 4, 2, 1, 6, 3, 5, 1, 3, 3, 1, 3, 3, 0, 5, 4, 6, 2, 3, 3, 3, 2, 3, 3, 1, 1, 3, 3, 3, 3, 0, 3, 1, 4, 6, 6, 1, 1, 3, 5, 1, 5, 6, 3, 3, 3, 2, 3, 1, 4, 3, 2, 3, 3, 3, 2, 3, 3, 1, 4, 2, 0, 6, 6, 2, 1, 3, 2, 2, 3, 1, 6, 1, 3, 6, 6, 3, 6, 3, 6, 3, 3, 3, 3, 3, 2, 4, 6, 2, 6, 3, 4, 2, 3, 5, 3, 3, 1, 6, 5, 3, 1, 0, 1, 0, 1, 1, 0, 1, 2, 3, 3, 3, 3, 3, 3, 4, 1, 3, 6, 0, 3, 4, 3, 1, 3, 6, 6, 1, 1, 3, 3, 3, 1, 4, 3, 0, 3, 3, 3, 3, 4, 6, 3, 6, 3, 2, 3, 1, 3, 4, 1, 2, 3, 1, 3, 4, 3, 3, 1, 3, 2, 3, 0, 3, 0, 3, 3, 3, 3, 3, 1]

Cost:	1
Kernel:	poly
Gamma:	0.01
Degree: 4
Number of Support Vectors:	603
Labels:	[3, 4, 6, 1, 3, 2, 1, 6, 6, 1, 1, 3, 3, 3, 4, 0, 3, 1, 3, 1, 3, 0, 0, 2, 3, 0, 6, 1, 2, 3, 2, 6, 3, 1, 1, 6, 3, 6, 5, 6, 3, 4, 3, 1, 3, 3, 4, 0, 3, 3, 3, 3, 3, 3, 4, 2, 1, 3, 4, 0, 6, 4, 2, 0, 4, 3, 1, 3, 3, 3, 3, 3, 3, 0, 3, 3, 2, 3, 3, 3, 3, 3, 6, 3, 6, 0, 1, 1, 2, 1, 0, 4, 2, 3, 6, 3, 3, 1, 1, 3, 3, 6, 3, 3, 2, 4, 3, 6, 2, 3, 3, 3, 0, 5, 3, 2, 6, 5, 2, 6, 2, 0, 5, 3, 6, 3, 5, 1, 2, 4, 2, 3, 3, 1, 1, 3, 3, 2, 3, 3, 1, 6, 1, 3, 3, 1, 1, 2, 3, 3, 3, 4, 2, 1, 6, 3, 5, 1, 3, 3, 1, 3, 3, 0, 4, 4, 6, 2, 3, 3, 3, 2, 3, 3, 1, 1, 3, 3, 3, 3, 0, 3, 1, 4, 6, 6, 1, 1, 3, 5, 1, 5, 6, 3, 3, 3, 2, 3, 1, 4, 3, 2, 3, 3, 3, 2, 3, 3, 1, 4, 2, 0, 6, 6, 2, 1, 3, 2, 2, 3, 1, 6, 1, 3, 1, 6, 3, 6, 3, 6, 3, 3, 3, 3, 3, 2, 4, 6, 2, 6, 3, 6, 2, 3, 5, 3, 3, 1, 6, 5, 3, 1, 0, 1, 0, 1, 1, 0, 1, 2, 3, 3, 3, 3, 3, 3, 4, 1, 3, 6, 0, 3, 4, 3, 1, 3, 6, 6, 1, 1, 3, 3, 3, 1, 4, 3, 0, 3, 3, 3, 3, 1, 6, 3, 6, 5, 2, 3, 1, 3, 4, 1, 2, 3, 1, 3, 4, 3, 3, 1, 5, 2, 3, 0, 3, 0, 3, 3, 4, 3, 3, 1]

Cost:	1
Kernel:	poly
Gamma:	0.1
Degree: 2
Number of Support Vectors:	655
Labels:	[3, 4, 6, 1, 3, 2, 6, 3, 6, 1, 1, 3, 3, 3, 4, 0, 3, 1, 3, 1, 3, 0, 0, 2, 3, 0, 4, 1, 4, 3, 2, 6, 3, 1, 1, 6, 3, 6, 5, 6, 3, 4, 3, 1, 3, 3, 4, 2, 3, 3, 3, 3, 3, 3, 4, 2, 1, 0, 4, 0, 6, 4, 2, 0, 4, 3, 1, 3, 3, 3, 3, 3, 3, 1, 3, 3, 2, 3, 3, 3, 3, 3, 6, 3, 6, 0, 1, 1, 2, 1, 0, 4, 2, 3, 6, 3, 3, 1, 1, 3, 3, 6, 3, 3, 2, 4, 3, 6, 2, 3, 3, 3, 0, 5, 3, 2, 6, 5, 2, 6, 2, 0, 5, 3, 6, 3, 5, 1, 2, 4, 2, 3, 3, 1, 1, 3, 1, 2, 3, 3, 1, 6, 1, 3, 3, 1, 3, 2, 3, 3, 3, 4, 2, 1, 6, 3, 5, 1, 3, 3, 1, 3, 3, 0, 5, 4, 6, 2, 3, 2, 3, 2, 3, 3, 1, 1, 3, 3, 3, 3, 0, 3, 1, 4, 6, 6, 1, 1, 3, 5, 1, 5, 6, 3, 3, 3, 2, 3, 1, 4, 3, 2, 3, 3, 3, 2, 3, 3, 1, 4, 2, 0, 6, 6, 2, 1, 3, 2, 2, 3, 1, 6, 2, 3, 6, 6, 3, 6, 3, 6, 3, 3, 3, 3, 3, 2, 4, 6, 2, 6, 3, 4, 2, 3, 5, 3, 3, 1, 6, 5, 3, 1, 0, 1, 0, 1, 1, 0, 1, 2, 3, 3, 3, 3, 3, 3, 4, 1, 3, 3, 0, 3, 4, 3, 1, 3, 6, 6, 1, 1, 3, 3, 3, 1, 4, 3, 0, 3, 3, 3, 3, 4, 6, 3, 6, 3, 2, 4, 1, 6, 4, 1, 2, 3, 1, 3, 4, 3, 3, 1, 3, 2, 3, 0, 3, 0, 3, 3, 3, 3, 3, 1]

Cost:	1
Kernel:	poly
Gamma:	0.1
Degree: 3
Number of Support Vectors:	630
Labels:	[3, 4, 6, 1, 3, 2, 6, 6, 6, 1, 1, 3, 3, 3, 4, 0, 3, 1, 3, 1, 3, 0, 0, 2, 3, 0, 6, 1, 4, 3, 2, 6, 3, 1, 1, 6, 3, 6, 5, 6, 3, 4, 3, 1, 3, 3, 4, 0, 3, 3, 3, 3, 3, 3, 4, 2, 1, 0, 4, 0, 6, 4, 2, 0, 4, 3, 1, 3, 3, 3, 3, 3, 3, 0, 3, 3, 2, 3, 3, 3, 3, 3, 6, 3, 6, 0, 1, 1, 2, 1, 0, 4, 2, 3, 6, 3, 3, 1, 1, 3, 3, 6, 3, 3, 2, 4, 3, 6, 2, 3, 3, 3, 0, 5, 3, 2, 6, 5, 2, 6, 2, 0, 5, 3, 6, 3, 5, 1, 2, 4, 2, 3, 3, 1, 1, 3, 1, 2, 3, 3, 1, 6, 1, 3, 3, 1, 1, 2, 3, 3, 3, 4, 2, 1, 6, 3, 5, 1, 3, 3, 1, 3, 3, 0, 5, 4, 6, 2, 3, 3, 3, 2, 3, 3, 1, 1, 3, 3, 3, 3, 0, 3, 1, 4, 6, 6, 1, 1, 3, 5, 1, 5, 6, 3, 3, 3, 2, 3, 1, 4, 3, 2, 3, 3, 3, 2, 3, 3, 1, 4, 2, 0, 6, 6, 2, 1, 3, 2, 2, 3, 1, 6, 1, 3, 6, 6, 3, 6, 3, 6, 3, 3, 3, 3, 3, 2, 4, 6, 2, 6, 3, 4, 2, 3, 5, 3, 3, 1, 6, 5, 3, 1, 0, 1, 0, 1, 1, 0, 1, 2, 3, 3, 3, 3, 3, 3, 4, 1, 3, 6, 0, 3, 4, 3, 1, 3, 6, 6, 1, 1, 3, 3, 3, 1, 4, 3, 0, 3, 3, 3, 3, 4, 6, 3, 6, 3, 2, 3, 1, 3, 4, 1, 2, 3, 1, 3, 4, 3, 3, 1, 3, 2, 3, 0, 3, 0, 3, 3, 3, 3, 3, 1]

Cost:	1
Kernel:	poly
Gamma:	0.1
Degree: 4
Number of Support Vectors:	603
Labels:	[3, 4, 6, 1, 3, 2, 1, 6, 6, 1, 1, 3, 3, 3, 4, 0, 3, 1, 3, 1, 3, 0, 0, 2, 3, 0, 6, 1, 2, 3, 2, 6, 3, 1, 1, 6, 3, 6, 5, 6, 3, 4, 3, 1, 3, 3, 4, 0, 3, 3, 3, 3, 3, 3, 4, 2, 1, 3, 4, 0, 6, 4, 2, 0, 4, 3, 1, 3, 3, 3, 3, 3, 3, 0, 3, 3, 2, 3, 3, 3, 3, 3, 6, 3, 6, 0, 1, 1, 2, 1, 0, 4, 2, 3, 6, 3, 3, 1, 1, 3, 3, 6, 3, 3, 2, 4, 3, 6, 2, 3, 3, 3, 0, 5, 3, 2, 6, 5, 2, 6, 2, 0, 5, 3, 6, 3, 5, 1, 2, 4, 2, 3, 3, 1, 1, 3, 3, 2, 3, 3, 1, 6, 1, 3, 3, 1, 1, 2, 3, 3, 3, 4, 2, 1, 6, 3, 5, 1, 3, 3, 1, 3, 3, 0, 4, 4, 6, 2, 3, 3, 3, 2, 3, 3, 1, 1, 3, 3, 3, 3, 0, 3, 1, 4, 6, 6, 1, 1, 3, 5, 1, 5, 6, 3, 3, 3, 2, 3, 1, 4, 3, 2, 3, 3, 3, 2, 3, 3, 1, 4, 2, 0, 6, 6, 2, 1, 3, 2, 2, 3, 1, 6, 1, 3, 1, 6, 3, 6, 3, 6, 3, 3, 3, 3, 3, 2, 4, 6, 2, 6, 3, 6, 2, 3, 5, 3, 3, 1, 6, 5, 3, 1, 0, 1, 0, 1, 1, 0, 1, 2, 3, 3, 3, 3, 3, 3, 4, 1, 3, 6, 0, 3, 4, 3, 1, 3, 6, 6, 1, 1, 3, 3, 3, 1, 4, 3, 0, 3, 3, 3, 3, 1, 6, 3, 6, 5, 2, 3, 1, 3, 4, 1, 2, 3, 1, 3, 4, 3, 3, 1, 5, 2, 3, 0, 3, 0, 3, 3, 4, 3, 3, 1]

Cost:	1
Kernel:	poly
Gamma:	1
Degree: 2
Number of Support Vectors:	656
Labels:	[3, 4, 6, 1, 3, 2, 6, 3, 6, 1, 1, 3, 3, 3, 4, 0, 3, 1, 3, 1, 3, 0, 0, 2, 3, 0, 4, 1, 4, 3, 2, 6, 3, 1, 1, 6, 3, 6, 5, 6, 3, 4, 3, 1, 3, 3, 4, 2, 3, 3, 3, 3, 3, 3, 4, 2, 1, 0, 4, 0, 6, 4, 2, 0, 4, 3, 1, 3, 3, 3, 3, 3, 3, 1, 3, 3, 2, 3, 3, 3, 3, 3, 6, 3, 6, 0, 1, 1, 2, 1, 0, 4, 2, 3, 6, 3, 3, 1, 1, 3, 3, 6, 3, 3, 2, 4, 3, 6, 2, 3, 3, 3, 0, 5, 3, 2, 6, 5, 2, 6, 2, 0, 5, 3, 6, 3, 5, 1, 2, 4, 2, 3, 3, 1, 1, 3, 1, 2, 3, 3, 1, 6, 1, 3, 3, 1, 3, 2, 3, 3, 3, 4, 2, 1, 6, 3, 5, 1, 3, 3, 1, 3, 3, 0, 5, 4, 6, 2, 3, 2, 3, 2, 3, 3, 1, 1, 3, 3, 3, 3, 0, 3, 1, 4, 6, 6, 1, 1, 3, 5, 1, 5, 6, 3, 3, 3, 2, 3, 1, 4, 3, 2, 3, 3, 3, 2, 3, 3, 1, 4, 2, 0, 6, 6, 2, 1, 3, 2, 2, 3, 1, 6, 2, 3, 6, 6, 3, 6, 3, 6, 3, 3, 3, 3, 3, 2, 4, 6, 2, 6, 3, 4, 2, 3, 5, 3, 3, 1, 6, 5, 3, 1, 0, 1, 0, 1, 1, 0, 1, 2, 3, 3, 3, 3, 3, 3, 4, 1, 3, 3, 0, 3, 4, 3, 1, 3, 6, 6, 1, 1, 3, 3, 3, 1, 4, 3, 0, 3, 3, 3, 3, 4, 6, 3, 6, 3, 2, 4, 1, 6, 4, 1, 2, 3, 1, 3, 4, 3, 3, 1, 3, 2, 3, 0, 3, 0, 3, 3, 3, 3, 3, 1]

Cost:	1
Kernel:	poly
Gamma:	1
Degree: 3
Number of Support Vectors:	630
Labels:	[3, 4, 6, 1, 3, 2, 6, 6, 6, 1, 1, 3, 3, 3, 4, 0, 3, 1, 3, 1, 3, 0, 0, 2, 3, 0, 6, 1, 4, 3, 2, 6, 3, 1, 1, 6, 3, 6, 5, 6, 3, 4, 3, 1, 3, 3, 4, 0, 3, 3, 3, 3, 3, 3, 4, 2, 1, 0, 4, 0, 6, 4, 2, 0, 4, 3, 1, 3, 3, 3, 3, 3, 3, 0, 3, 3, 2, 3, 3, 3, 3, 3, 6, 3, 6, 0, 1, 1, 2, 1, 0, 4, 2, 3, 6, 3, 3, 1, 1, 3, 3, 6, 3, 3, 2, 4, 3, 6, 2, 3, 3, 3, 0, 5, 3, 2, 6, 5, 2, 6, 2, 0, 5, 3, 6, 3, 5, 1, 2, 4, 2, 3, 3, 1, 1, 3, 1, 2, 3, 3, 1, 6, 1, 3, 3, 1, 1, 2, 3, 3, 3, 4, 2, 1, 6, 3, 5, 1, 3, 3, 1, 3, 3, 0, 5, 4, 6, 2, 3, 3, 3, 2, 3, 3, 1, 1, 3, 3, 3, 3, 0, 3, 1, 4, 6, 6, 1, 1, 3, 5, 1, 5, 6, 3, 3, 3, 2, 3, 1, 4, 3, 2, 3, 3, 3, 2, 3, 3, 1, 4, 2, 0, 6, 6, 2, 1, 3, 2, 2, 3, 1, 6, 1, 3, 6, 6, 3, 6, 3, 6, 3, 3, 3, 3, 3, 2, 4, 6, 2, 6, 3, 4, 2, 3, 5, 3, 3, 1, 6, 5, 3, 1, 0, 1, 0, 1, 1, 0, 1, 2, 3, 3, 3, 3, 3, 3, 4, 1, 3, 6, 0, 3, 4, 3, 1, 3, 6, 6, 1, 1, 3, 3, 3, 1, 4, 3, 0, 3, 3, 3, 3, 4, 6, 3, 6, 3, 2, 3, 1, 3, 4, 1, 2, 3, 1, 3, 4, 3, 3, 1, 3, 2, 3, 0, 3, 0, 3, 3, 3, 3, 3, 1]

Cost:	1
Kernel:	poly
Gamma:	1
Degree: 4
Number of Support Vectors:	603
Labels:	[3, 4, 6, 1, 3, 2, 1, 6, 6, 1, 1, 3, 3, 3, 4, 0, 3, 1, 3, 1, 3, 0, 0, 2, 3, 0, 6, 1, 2, 3, 2, 6, 3, 1, 1, 6, 3, 6, 5, 6, 3, 4, 3, 1, 3, 3, 4, 0, 3, 3, 3, 3, 3, 3, 4, 2, 1, 3, 4, 0, 6, 4, 2, 0, 4, 3, 1, 3, 3, 3, 3, 3, 3, 0, 3, 3, 2, 3, 3, 3, 3, 3, 6, 3, 6, 0, 1, 1, 2, 1, 0, 4, 2, 3, 6, 3, 3, 1, 1, 3, 3, 6, 3, 3, 2, 4, 3, 6, 2, 3, 3, 3, 0, 5, 3, 2, 6, 5, 2, 6, 2, 0, 5, 3, 6, 3, 5, 1, 2, 4, 2, 3, 3, 1, 1, 3, 3, 2, 3, 3, 1, 6, 1, 3, 3, 1, 1, 2, 3, 3, 3, 4, 2, 1, 6, 3, 5, 1, 3, 3, 1, 3, 3, 0, 4, 4, 6, 2, 3, 3, 3, 2, 3, 3, 1, 1, 3, 3, 3, 3, 0, 3, 1, 4, 6, 6, 1, 1, 3, 5, 1, 5, 6, 3, 3, 3, 2, 3, 1, 4, 3, 2, 3, 3, 3, 2, 3, 3, 1, 4, 2, 0, 6, 6, 2, 1, 3, 2, 2, 3, 1, 6, 1, 3, 1, 6, 3, 6, 3, 6, 3, 3, 3, 3, 3, 2, 4, 6, 2, 6, 3, 6, 2, 3, 5, 3, 3, 1, 6, 5, 3, 1, 0, 1, 0, 1, 1, 0, 1, 2, 3, 3, 3, 3, 3, 3, 4, 1, 3, 6, 0, 3, 4, 3, 1, 3, 6, 6, 1, 1, 3, 3, 3, 1, 4, 3, 0, 3, 3, 3, 3, 1, 6, 3, 6, 5, 2, 3, 1, 3, 4, 1, 2, 3, 1, 3, 4, 3, 3, 1, 5, 2, 3, 0, 3, 0, 3, 3, 4, 3, 3, 1]

Cost:	10
Kernel:	poly
Gamma:	0.0001
Degree: 2
Number of Support Vectors:	655
Labels:	[3, 4, 6, 1, 3, 2, 6, 3, 6, 1, 1, 3, 3, 3, 4, 0, 3, 1, 3, 1, 3, 0, 0, 2, 3, 0, 4, 1, 4, 3, 2, 6, 3, 1, 1, 6, 3, 6, 5, 6, 3, 4, 3, 1, 3, 3, 4, 2, 3, 3, 3, 3, 3, 3, 4, 2, 1, 0, 4, 0, 6, 4, 2, 0, 4, 3, 1, 3, 3, 3, 3, 3, 3, 1, 3, 3, 2, 3, 3, 3, 3, 3, 6, 3, 6, 0, 1, 1, 2, 1, 0, 4, 2, 3, 6, 3, 3, 1, 1, 3, 3, 6, 3, 3, 2, 4, 3, 6, 2, 3, 3, 3, 0, 5, 3, 2, 6, 5, 2, 6, 2, 0, 5, 3, 6, 3, 5, 1, 2, 4, 2, 3, 3, 1, 1, 3, 1, 2, 3, 3, 1, 6, 1, 3, 3, 1, 3, 2, 3, 3, 3, 4, 2, 1, 6, 3, 5, 1, 3, 3, 1, 3, 3, 0, 5, 4, 6, 2, 3, 2, 3, 2, 3, 3, 1, 1, 3, 3, 3, 3, 0, 3, 1, 4, 6, 6, 1, 1, 3, 5, 1, 5, 6, 3, 3, 3, 2, 3, 1, 4, 3, 2, 3, 3, 3, 2, 3, 3, 1, 4, 2, 0, 6, 6, 2, 1, 3, 2, 2, 3, 1, 6, 2, 3, 6, 6, 3, 6, 3, 6, 3, 3, 3, 3, 3, 2, 4, 6, 2, 6, 3, 4, 2, 3, 5, 3, 3, 1, 6, 5, 3, 1, 0, 1, 0, 1, 1, 0, 1, 2, 3, 3, 3, 3, 3, 3, 4, 1, 3, 3, 0, 3, 4, 3, 1, 3, 6, 6, 1, 1, 3, 3, 3, 1, 4, 3, 0, 3, 3, 3, 3, 4, 6, 3, 6, 3, 2, 4, 1, 6, 4, 1, 2, 3, 1, 3, 4, 3, 3, 1, 3, 2, 3, 0, 3, 0, 3, 3, 3, 3, 3, 1]

Cost:	10
Kernel:	poly
Gamma:	0.0001
Degree: 3
Number of Support Vectors:	630
Labels:	[3, 4, 6, 1, 3, 2, 6, 6, 6, 1, 1, 3, 3, 3, 4, 0, 3, 1, 3, 1, 3, 0, 0, 2, 3, 0, 6, 1, 4, 3, 2, 6, 3, 1, 1, 6, 3, 6, 5, 6, 3, 4, 3, 1, 3, 3, 4, 0, 3, 3, 3, 3, 3, 3, 4, 2, 1, 0, 4, 0, 6, 4, 2, 0, 4, 3, 1, 3, 3, 3, 3, 3, 3, 0, 3, 3, 2, 3, 3, 3, 3, 3, 6, 3, 6, 0, 1, 1, 2, 1, 0, 4, 2, 3, 6, 3, 3, 1, 1, 3, 3, 6, 3, 3, 2, 4, 3, 6, 2, 3, 3, 3, 0, 5, 3, 2, 6, 5, 2, 6, 2, 0, 5, 3, 6, 3, 5, 1, 2, 4, 2, 3, 3, 1, 1, 3, 1, 2, 3, 3, 1, 6, 1, 3, 3, 1, 1, 2, 3, 3, 3, 4, 2, 1, 6, 3, 5, 1, 3, 3, 1, 3, 3, 0, 5, 4, 6, 2, 3, 3, 3, 2, 3, 3, 1, 1, 3, 3, 3, 3, 0, 3, 1, 4, 6, 6, 1, 1, 3, 5, 1, 5, 6, 3, 3, 3, 2, 3, 1, 4, 3, 2, 3, 3, 3, 2, 3, 3, 1, 4, 2, 0, 6, 6, 2, 1, 3, 2, 2, 3, 1, 6, 1, 3, 6, 6, 3, 6, 3, 6, 3, 3, 3, 3, 3, 2, 4, 6, 2, 6, 3, 4, 2, 3, 5, 3, 3, 1, 6, 5, 3, 1, 0, 1, 0, 1, 1, 0, 1, 2, 3, 3, 3, 3, 3, 3, 4, 1, 3, 6, 0, 3, 4, 3, 1, 3, 6, 6, 1, 1, 3, 3, 3, 1, 4, 3, 0, 3, 3, 3, 3, 4, 6, 3, 6, 3, 2, 3, 1, 3, 4, 1, 2, 3, 1, 3, 4, 3, 3, 1, 3, 2, 3, 0, 3, 0, 3, 3, 3, 3, 3, 1]

Cost:	10
Kernel:	poly
Gamma:	0.0001
Degree: 4
Number of Support Vectors:	603
Labels:	[3, 4, 6, 1, 3, 2, 1, 6, 6, 1, 1, 3, 3, 3, 4, 0, 3, 1, 3, 1, 3, 0, 0, 2, 3, 0, 6, 1, 2, 3, 2, 6, 3, 1, 1, 6, 3, 6, 5, 6, 3, 4, 3, 1, 3, 3, 4, 0, 3, 3, 3, 3, 3, 3, 4, 2, 1, 3, 4, 0, 6, 4, 2, 0, 4, 3, 1, 3, 3, 3, 3, 3, 3, 0, 3, 3, 2, 3, 3, 3, 3, 3, 6, 3, 6, 0, 1, 1, 2, 1, 0, 4, 2, 3, 6, 3, 3, 1, 1, 3, 3, 6, 3, 3, 2, 4, 3, 6, 2, 3, 3, 3, 0, 5, 3, 2, 6, 5, 2, 6, 2, 0, 5, 3, 6, 3, 5, 1, 2, 4, 2, 3, 3, 1, 1, 3, 3, 2, 3, 3, 1, 6, 1, 3, 3, 1, 1, 2, 3, 3, 3, 4, 2, 1, 6, 3, 5, 1, 3, 3, 1, 3, 3, 0, 4, 4, 6, 2, 3, 3, 3, 2, 3, 3, 1, 1, 3, 3, 3, 3, 0, 3, 1, 4, 6, 6, 1, 1, 3, 5, 1, 5, 6, 3, 3, 3, 2, 3, 1, 4, 3, 2, 3, 3, 3, 2, 3, 3, 1, 4, 2, 0, 6, 6, 2, 1, 3, 2, 2, 3, 1, 6, 1, 3, 1, 6, 3, 6, 3, 6, 3, 3, 3, 3, 3, 2, 4, 6, 2, 6, 3, 6, 2, 3, 5, 3, 3, 1, 6, 5, 3, 1, 0, 1, 0, 1, 1, 0, 1, 2, 3, 3, 3, 3, 3, 3, 4, 1, 3, 6, 0, 3, 4, 3, 1, 3, 6, 6, 1, 1, 3, 3, 3, 1, 4, 3, 0, 3, 3, 3, 3, 1, 6, 3, 6, 5, 2, 3, 1, 3, 4, 1, 2, 3, 1, 3, 4, 3, 3, 1, 5, 2, 3, 0, 3, 0, 3, 3, 4, 3, 3, 1]

Cost:	10
Kernel:	poly
Gamma:	0.001
Degree: 2
Number of Support Vectors:	655
Labels:	[3, 4, 6, 1, 3, 2, 6, 3, 6, 1, 1, 3, 3, 3, 4, 0, 3, 1, 3, 1, 3, 0, 0, 2, 3, 0, 4, 1, 4, 3, 2, 6, 3, 1, 1, 6, 3, 6, 5, 6, 3, 4, 3, 1, 3, 3, 4, 2, 3, 3, 3, 3, 3, 3, 4, 2, 1, 0, 4, 0, 6, 4, 2, 0, 4, 3, 1, 3, 3, 3, 3, 3, 3, 1, 3, 3, 2, 3, 3, 3, 3, 3, 6, 3, 6, 0, 1, 1, 2, 1, 0, 4, 2, 3, 6, 3, 3, 1, 1, 3, 3, 6, 3, 3, 2, 4, 3, 6, 2, 3, 3, 3, 0, 5, 3, 2, 6, 5, 2, 6, 2, 0, 5, 3, 6, 3, 5, 1, 2, 4, 2, 3, 3, 1, 1, 3, 1, 2, 3, 3, 1, 6, 1, 3, 3, 1, 3, 2, 3, 3, 3, 4, 2, 1, 6, 3, 5, 1, 3, 3, 1, 3, 3, 0, 5, 4, 6, 2, 3, 2, 3, 2, 3, 3, 1, 1, 3, 3, 3, 3, 0, 3, 1, 4, 6, 6, 1, 1, 3, 5, 1, 5, 6, 3, 3, 3, 2, 3, 1, 4, 3, 2, 3, 3, 3, 2, 3, 3, 1, 4, 2, 0, 6, 6, 2, 1, 3, 2, 2, 3, 1, 6, 2, 3, 6, 6, 3, 6, 3, 6, 3, 3, 3, 3, 3, 2, 4, 6, 2, 6, 3, 4, 2, 3, 5, 3, 3, 1, 6, 5, 3, 1, 0, 1, 0, 1, 1, 0, 1, 2, 3, 3, 3, 3, 3, 3, 4, 1, 3, 3, 0, 3, 4, 3, 1, 3, 6, 6, 1, 1, 3, 3, 3, 1, 4, 3, 0, 3, 3, 3, 3, 4, 6, 3, 6, 3, 2, 4, 1, 6, 4, 1, 2, 3, 1, 3, 4, 3, 3, 1, 3, 2, 3, 0, 3, 0, 3, 3, 3, 3, 3, 1]

Cost:	10
Kernel:	poly
Gamma:	0.001
Degree: 3
Number of Support Vectors:	630
Labels:	[3, 4, 6, 1, 3, 2, 6, 6, 6, 1, 1, 3, 3, 3, 4, 0, 3, 1, 3, 1, 3, 0, 0, 2, 3, 0, 6, 1, 4, 3, 2, 6, 3, 1, 1, 6, 3, 6, 5, 6, 3, 4, 3, 1, 3, 3, 4, 0, 3, 3, 3, 3, 3, 3, 4, 2, 1, 0, 4, 0, 6, 4, 2, 0, 4, 3, 1, 3, 3, 3, 3, 3, 3, 0, 3, 3, 2, 3, 3, 3, 3, 3, 6, 3, 6, 0, 1, 1, 2, 1, 0, 4, 2, 3, 6, 3, 3, 1, 1, 3, 3, 6, 3, 3, 2, 4, 3, 6, 2, 3, 3, 3, 0, 5, 3, 2, 6, 5, 2, 6, 2, 0, 5, 3, 6, 3, 5, 1, 2, 4, 2, 3, 3, 1, 1, 3, 1, 2, 3, 3, 1, 6, 1, 3, 3, 1, 1, 2, 3, 3, 3, 4, 2, 1, 6, 3, 5, 1, 3, 3, 1, 3, 3, 0, 5, 4, 6, 2, 3, 3, 3, 2, 3, 3, 1, 1, 3, 3, 3, 3, 0, 3, 1, 4, 6, 6, 1, 1, 3, 5, 1, 5, 6, 3, 3, 3, 2, 3, 1, 4, 3, 2, 3, 3, 3, 2, 3, 3, 1, 4, 2, 0, 6, 6, 2, 1, 3, 2, 2, 3, 1, 6, 1, 3, 6, 6, 3, 6, 3, 6, 3, 3, 3, 3, 3, 2, 4, 6, 2, 6, 3, 4, 2, 3, 5, 3, 3, 1, 6, 5, 3, 1, 0, 1, 0, 1, 1, 0, 1, 2, 3, 3, 3, 3, 3, 3, 4, 1, 3, 6, 0, 3, 4, 3, 1, 3, 6, 6, 1, 1, 3, 3, 3, 1, 4, 3, 0, 3, 3, 3, 3, 4, 6, 3, 6, 3, 2, 3, 1, 3, 4, 1, 2, 3, 1, 3, 4, 3, 3, 1, 3, 2, 3, 0, 3, 0, 3, 3, 3, 3, 3, 1]

Cost:	10
Kernel:	poly
Gamma:	0.001
Degree: 4
Number of Support Vectors:	603
Labels:	[3, 4, 6, 1, 3, 2, 1, 6, 6, 1, 1, 3, 3, 3, 4, 0, 3, 1, 3, 1, 3, 0, 0, 2, 3, 0, 6, 1, 2, 3, 2, 6, 3, 1, 1, 6, 3, 6, 5, 6, 3, 4, 3, 1, 3, 3, 4, 0, 3, 3, 3, 3, 3, 3, 4, 2, 1, 3, 4, 0, 6, 4, 2, 0, 4, 3, 1, 3, 3, 3, 3, 3, 3, 0, 3, 3, 2, 3, 3, 3, 3, 3, 6, 3, 6, 0, 1, 1, 2, 1, 0, 4, 2, 3, 6, 3, 3, 1, 1, 3, 3, 6, 3, 3, 2, 4, 3, 6, 2, 3, 3, 3, 0, 5, 3, 2, 6, 5, 2, 6, 2, 0, 5, 3, 6, 3, 5, 1, 2, 4, 2, 3, 3, 1, 1, 3, 3, 2, 3, 3, 1, 6, 1, 3, 3, 1, 1, 2, 3, 3, 3, 4, 2, 1, 6, 3, 5, 1, 3, 3, 1, 3, 3, 0, 4, 4, 6, 2, 3, 3, 3, 2, 3, 3, 1, 1, 3, 3, 3, 3, 0, 3, 1, 4, 6, 6, 1, 1, 3, 5, 1, 5, 6, 3, 3, 3, 2, 3, 1, 4, 3, 2, 3, 3, 3, 2, 3, 3, 1, 4, 2, 0, 6, 6, 2, 1, 3, 2, 2, 3, 1, 6, 1, 3, 1, 6, 3, 6, 3, 6, 3, 3, 3, 3, 3, 2, 4, 6, 2, 6, 3, 6, 2, 3, 5, 3, 3, 1, 6, 5, 3, 1, 0, 1, 0, 1, 1, 0, 1, 2, 3, 3, 3, 3, 3, 3, 4, 1, 3, 6, 0, 3, 4, 3, 1, 3, 6, 6, 1, 1, 3, 3, 3, 1, 4, 3, 0, 3, 3, 3, 3, 1, 6, 3, 6, 5, 2, 3, 1, 3, 4, 1, 2, 3, 1, 3, 4, 3, 3, 1, 5, 2, 3, 0, 3, 0, 3, 3, 4, 3, 3, 1]

Cost:	10
Kernel:	poly
Gamma:	0.01
Degree: 2
Number of Support Vectors:	655
Labels:	[3, 4, 6, 1, 3, 2, 6, 3, 6, 1, 1, 3, 3, 3, 4, 0, 3, 1, 3, 1, 3, 0, 0, 2, 3, 0, 4, 1, 4, 3, 2, 6, 3, 1, 1, 6, 3, 6, 5, 6, 3, 4, 3, 1, 3, 3, 4, 2, 3, 3, 3, 3, 3, 3, 4, 2, 1, 0, 4, 0, 6, 4, 2, 0, 4, 3, 1, 3, 3, 3, 3, 3, 3, 1, 3, 3, 2, 3, 3, 3, 3, 3, 6, 3, 6, 0, 1, 1, 2, 1, 0, 4, 2, 3, 6, 3, 3, 1, 1, 3, 3, 6, 3, 3, 2, 4, 3, 6, 2, 3, 3, 3, 0, 5, 3, 2, 6, 5, 2, 6, 2, 0, 5, 3, 6, 3, 5, 1, 2, 4, 2, 3, 3, 1, 1, 3, 1, 2, 3, 3, 1, 6, 1, 3, 3, 1, 3, 2, 3, 3, 3, 4, 2, 1, 6, 3, 5, 1, 3, 3, 1, 3, 3, 0, 5, 4, 6, 2, 3, 2, 3, 2, 3, 3, 1, 1, 3, 3, 3, 3, 0, 3, 1, 4, 6, 6, 1, 1, 3, 5, 1, 5, 6, 3, 3, 3, 2, 3, 1, 4, 3, 2, 3, 3, 3, 2, 3, 3, 1, 4, 2, 0, 6, 6, 2, 1, 3, 2, 2, 3, 1, 6, 2, 3, 6, 6, 3, 6, 3, 6, 3, 3, 3, 3, 3, 2, 4, 6, 2, 6, 3, 4, 2, 3, 5, 3, 3, 1, 6, 5, 3, 1, 0, 1, 0, 1, 1, 0, 1, 2, 3, 3, 3, 3, 3, 3, 4, 1, 3, 3, 0, 3, 4, 3, 1, 3, 6, 6, 1, 1, 3, 3, 3, 1, 4, 3, 0, 3, 3, 3, 3, 4, 6, 3, 6, 3, 2, 4, 1, 6, 4, 1, 2, 3, 1, 3, 4, 3, 3, 1, 3, 2, 3, 0, 3, 0, 3, 3, 3, 3, 3, 1]

Cost:	10
Kernel:	poly
Gamma:	0.01
Degree: 3
Number of Support Vectors:	630
Labels:	[3, 4, 6, 1, 3, 2, 6, 6, 6, 1, 1, 3, 3, 3, 4, 0, 3, 1, 3, 1, 3, 0, 0, 2, 3, 0, 6, 1, 4, 3, 2, 6, 3, 1, 1, 6, 3, 6, 5, 6, 3, 4, 3, 1, 3, 3, 4, 0, 3, 3, 3, 3, 3, 3, 4, 2, 1, 0, 4, 0, 6, 4, 2, 0, 4, 3, 1, 3, 3, 3, 3, 3, 3, 0, 3, 3, 2, 3, 3, 3, 3, 3, 6, 3, 6, 0, 1, 1, 2, 1, 0, 4, 2, 3, 6, 3, 3, 1, 1, 3, 3, 6, 3, 3, 2, 4, 3, 6, 2, 3, 3, 3, 0, 5, 3, 2, 6, 5, 2, 6, 2, 0, 5, 3, 6, 3, 5, 1, 2, 4, 2, 3, 3, 1, 1, 3, 1, 2, 3, 3, 1, 6, 1, 3, 3, 1, 1, 2, 3, 3, 3, 4, 2, 1, 6, 3, 5, 1, 3, 3, 1, 3, 3, 0, 5, 4, 6, 2, 3, 3, 3, 2, 3, 3, 1, 1, 3, 3, 3, 3, 0, 3, 1, 4, 6, 6, 1, 1, 3, 5, 1, 5, 6, 3, 3, 3, 2, 3, 1, 4, 3, 2, 3, 3, 3, 2, 3, 3, 1, 4, 2, 0, 6, 6, 2, 1, 3, 2, 2, 3, 1, 6, 1, 3, 6, 6, 3, 6, 3, 6, 3, 3, 3, 3, 3, 2, 4, 6, 2, 6, 3, 4, 2, 3, 5, 3, 3, 1, 6, 5, 3, 1, 0, 1, 0, 1, 1, 0, 1, 2, 3, 3, 3, 3, 3, 3, 4, 1, 3, 6, 0, 3, 4, 3, 1, 3, 6, 6, 1, 1, 3, 3, 3, 1, 4, 3, 0, 3, 3, 3, 3, 4, 6, 3, 6, 3, 2, 3, 1, 3, 4, 1, 2, 3, 1, 3, 4, 3, 3, 1, 3, 2, 3, 0, 3, 0, 3, 3, 3, 3, 3, 1]

Cost:	10
Kernel:	poly
Gamma:	0.01
Degree: 4
Number of Support Vectors:	603
Labels:	[3, 4, 6, 1, 3, 2, 1, 6, 6, 1, 1, 3, 3, 3, 4, 0, 3, 1, 3, 1, 3, 0, 0, 2, 3, 0, 6, 1, 2, 3, 2, 6, 3, 1, 1, 6, 3, 6, 5, 6, 3, 4, 3, 1, 3, 3, 4, 0, 3, 3, 3, 3, 3, 3, 4, 2, 1, 3, 4, 0, 6, 4, 2, 0, 4, 3, 1, 3, 3, 3, 3, 3, 3, 0, 3, 3, 2, 3, 3, 3, 3, 3, 6, 3, 6, 0, 1, 1, 2, 1, 0, 4, 2, 3, 6, 3, 3, 1, 1, 3, 3, 6, 3, 3, 2, 4, 3, 6, 2, 3, 3, 3, 0, 5, 3, 2, 6, 5, 2, 6, 2, 0, 5, 3, 6, 3, 5, 1, 2, 4, 2, 3, 3, 1, 1, 3, 3, 2, 3, 3, 1, 6, 1, 3, 3, 1, 1, 2, 3, 3, 3, 4, 2, 1, 6, 3, 5, 1, 3, 3, 1, 3, 3, 0, 4, 4, 6, 2, 3, 3, 3, 2, 3, 3, 1, 1, 3, 3, 3, 3, 0, 3, 1, 4, 6, 6, 1, 1, 3, 5, 1, 5, 6, 3, 3, 3, 2, 3, 1, 4, 3, 2, 3, 3, 3, 2, 3, 3, 1, 4, 2, 0, 6, 6, 2, 1, 3, 2, 2, 3, 1, 6, 1, 3, 1, 6, 3, 6, 3, 6, 3, 3, 3, 3, 3, 2, 4, 6, 2, 6, 3, 6, 2, 3, 5, 3, 3, 1, 6, 5, 3, 1, 0, 1, 0, 1, 1, 0, 1, 2, 3, 3, 3, 3, 3, 3, 4, 1, 3, 6, 0, 3, 4, 3, 1, 3, 6, 6, 1, 1, 3, 3, 3, 1, 4, 3, 0, 3, 3, 3, 3, 1, 6, 3, 6, 5, 2, 3, 1, 3, 4, 1, 2, 3, 1, 3, 4, 3, 3, 1, 5, 2, 3, 0, 3, 0, 3, 3, 4, 3, 3, 1]

Cost:	10
Kernel:	poly
Gamma:	0.1
Degree: 2
Number of Support Vectors:	655
Labels:	[3, 4, 6, 1, 3, 2, 6, 3, 6, 1, 1, 3, 3, 3, 4, 0, 3, 1, 3, 1, 3, 0, 0, 2, 3, 0, 4, 1, 4, 3, 2, 6, 3, 1, 1, 6, 3, 6, 5, 6, 3, 4, 3, 1, 3, 3, 4, 2, 3, 3, 3, 3, 3, 3, 4, 2, 1, 0, 4, 0, 6, 4, 2, 0, 4, 3, 1, 3, 3, 3, 3, 3, 3, 1, 3, 3, 2, 3, 3, 3, 3, 3, 6, 3, 6, 0, 1, 1, 2, 1, 0, 4, 2, 3, 6, 3, 3, 1, 1, 3, 3, 6, 3, 3, 2, 4, 3, 6, 2, 3, 3, 3, 0, 5, 3, 2, 6, 5, 2, 6, 2, 0, 5, 3, 6, 3, 5, 1, 2, 4, 2, 3, 3, 1, 1, 3, 1, 2, 3, 3, 1, 6, 1, 3, 3, 1, 3, 2, 3, 3, 3, 4, 2, 1, 6, 3, 5, 1, 3, 3, 1, 3, 3, 0, 5, 4, 6, 2, 3, 2, 3, 2, 3, 3, 1, 1, 3, 3, 3, 3, 0, 3, 1, 4, 6, 6, 1, 1, 3, 5, 1, 5, 6, 3, 3, 3, 2, 3, 1, 4, 3, 2, 3, 3, 3, 2, 3, 3, 1, 4, 2, 0, 6, 6, 2, 1, 3, 2, 2, 3, 1, 6, 2, 3, 6, 6, 3, 6, 3, 6, 3, 3, 3, 3, 3, 2, 4, 6, 2, 6, 3, 4, 2, 3, 5, 3, 3, 1, 6, 5, 3, 1, 0, 1, 0, 1, 1, 0, 1, 2, 3, 3, 3, 3, 3, 3, 4, 1, 3, 3, 0, 3, 4, 3, 1, 3, 6, 6, 1, 1, 3, 3, 3, 1, 4, 3, 0, 3, 3, 3, 3, 4, 6, 3, 6, 3, 2, 4, 1, 6, 4, 1, 2, 3, 1, 3, 4, 3, 3, 1, 3, 2, 3, 0, 3, 0, 3, 3, 3, 3, 3, 1]

Cost:	10
Kernel:	poly
Gamma:	0.1
Degree: 3
Number of Support Vectors:	630
Labels:	[3, 4, 6, 1, 3, 2, 6, 6, 6, 1, 1, 3, 3, 3, 4, 0, 3, 1, 3, 1, 3, 0, 0, 2, 3, 0, 6, 1, 4, 3, 2, 6, 3, 1, 1, 6, 3, 6, 5, 6, 3, 4, 3, 1, 3, 3, 4, 0, 3, 3, 3, 3, 3, 3, 4, 2, 1, 0, 4, 0, 6, 4, 2, 0, 4, 3, 1, 3, 3, 3, 3, 3, 3, 0, 3, 3, 2, 3, 3, 3, 3, 3, 6, 3, 6, 0, 1, 1, 2, 1, 0, 4, 2, 3, 6, 3, 3, 1, 1, 3, 3, 6, 3, 3, 2, 4, 3, 6, 2, 3, 3, 3, 0, 5, 3, 2, 6, 5, 2, 6, 2, 0, 5, 3, 6, 3, 5, 1, 2, 4, 2, 3, 3, 1, 1, 3, 1, 2, 3, 3, 1, 6, 1, 3, 3, 1, 1, 2, 3, 3, 3, 4, 2, 1, 6, 3, 5, 1, 3, 3, 1, 3, 3, 0, 5, 4, 6, 2, 3, 3, 3, 2, 3, 3, 1, 1, 3, 3, 3, 3, 0, 3, 1, 4, 6, 6, 1, 1, 3, 5, 1, 5, 6, 3, 3, 3, 2, 3, 1, 4, 3, 2, 3, 3, 3, 2, 3, 3, 1, 4, 2, 0, 6, 6, 2, 1, 3, 2, 2, 3, 1, 6, 1, 3, 6, 6, 3, 6, 3, 6, 3, 3, 3, 3, 3, 2, 4, 6, 2, 6, 3, 4, 2, 3, 5, 3, 3, 1, 6, 5, 3, 1, 0, 1, 0, 1, 1, 0, 1, 2, 3, 3, 3, 3, 3, 3, 4, 1, 3, 6, 0, 3, 4, 3, 1, 3, 6, 6, 1, 1, 3, 3, 3, 1, 4, 3, 0, 3, 3, 3, 3, 4, 6, 3, 6, 3, 2, 3, 1, 3, 4, 1, 2, 3, 1, 3, 4, 3, 3, 1, 3, 2, 3, 0, 3, 0, 3, 3, 3, 3, 3, 1]

Cost:	10
Kernel:	poly
Gamma:	0.1
Degree: 4
Number of Support Vectors:	603
Labels:	[3, 4, 6, 1, 3, 2, 1, 6, 6, 1, 1, 3, 3, 3, 4, 0, 3, 1, 3, 1, 3, 0, 0, 2, 3, 0, 6, 1, 2, 3, 2, 6, 3, 1, 1, 6, 3, 6, 5, 6, 3, 4, 3, 1, 3, 3, 4, 0, 3, 3, 3, 3, 3, 3, 4, 2, 1, 3, 4, 0, 6, 4, 2, 0, 4, 3, 1, 3, 3, 3, 3, 3, 3, 0, 3, 3, 2, 3, 3, 3, 3, 3, 6, 3, 6, 0, 1, 1, 2, 1, 0, 4, 2, 3, 6, 3, 3, 1, 1, 3, 3, 6, 3, 3, 2, 4, 3, 6, 2, 3, 3, 3, 0, 5, 3, 2, 6, 5, 2, 6, 2, 0, 5, 3, 6, 3, 5, 1, 2, 4, 2, 3, 3, 1, 1, 3, 3, 2, 3, 3, 1, 6, 1, 3, 3, 1, 1, 2, 3, 3, 3, 4, 2, 1, 6, 3, 5, 1, 3, 3, 1, 3, 3, 0, 4, 4, 6, 2, 3, 3, 3, 2, 3, 3, 1, 1, 3, 3, 3, 3, 0, 3, 1, 4, 6, 6, 1, 1, 3, 5, 1, 5, 6, 3, 3, 3, 2, 3, 1, 4, 3, 2, 3, 3, 3, 2, 3, 3, 1, 4, 2, 0, 6, 6, 2, 1, 3, 2, 2, 3, 1, 6, 1, 3, 1, 6, 3, 6, 3, 6, 3, 3, 3, 3, 3, 2, 4, 6, 2, 6, 3, 6, 2, 3, 5, 3, 3, 1, 6, 5, 3, 1, 0, 1, 0, 1, 1, 0, 1, 2, 3, 3, 3, 3, 3, 3, 4, 1, 3, 6, 0, 3, 4, 3, 1, 3, 6, 6, 1, 1, 3, 3, 3, 1, 4, 3, 0, 3, 3, 3, 3, 1, 6, 3, 6, 5, 2, 3, 1, 3, 4, 1, 2, 3, 1, 3, 4, 3, 3, 1, 5, 2, 3, 0, 3, 0, 3, 3, 4, 3, 3, 1]

Cost:	10
Kernel:	poly
Gamma:	1
Degree: 2
Number of Support Vectors:	656
Labels:	[3, 4, 6, 1, 3, 2, 6, 3, 6, 1, 1, 3, 3, 3, 4, 0, 3, 1, 3, 1, 3, 0, 0, 2, 3, 0, 4, 1, 4, 3, 2, 6, 3, 1, 1, 6, 3, 6, 5, 6, 3, 4, 3, 1, 3, 3, 4, 2, 3, 3, 3, 3, 3, 3, 4, 2, 1, 0, 4, 0, 6, 4, 2, 0, 4, 3, 1, 3, 3, 3, 3, 3, 3, 1, 3, 3, 2, 3, 3, 3, 3, 3, 6, 3, 6, 0, 1, 1, 2, 1, 0, 4, 2, 3, 6, 3, 3, 1, 1, 3, 3, 6, 3, 3, 2, 4, 3, 6, 2, 3, 3, 3, 0, 5, 3, 2, 6, 5, 2, 6, 2, 0, 5, 3, 6, 3, 5, 1, 2, 4, 2, 3, 3, 1, 1, 3, 1, 2, 3, 3, 1, 6, 1, 3, 3, 1, 3, 2, 3, 3, 3, 4, 2, 1, 6, 3, 5, 1, 3, 3, 1, 3, 3, 0, 5, 4, 6, 2, 3, 2, 3, 2, 3, 3, 1, 1, 3, 3, 3, 3, 0, 3, 1, 4, 6, 6, 1, 1, 3, 5, 1, 5, 6, 3, 3, 3, 2, 3, 1, 4, 3, 2, 3, 3, 3, 2, 3, 3, 1, 4, 2, 0, 6, 6, 2, 1, 3, 2, 2, 3, 1, 6, 2, 3, 6, 6, 3, 6, 3, 6, 3, 3, 3, 3, 3, 2, 4, 6, 2, 6, 3, 4, 2, 3, 5, 3, 3, 1, 6, 5, 3, 1, 0, 1, 0, 1, 1, 0, 1, 2, 3, 3, 3, 3, 3, 3, 4, 1, 3, 3, 0, 3, 4, 3, 1, 3, 6, 6, 1, 1, 3, 3, 3, 1, 4, 3, 0, 3, 3, 3, 3, 4, 6, 3, 6, 3, 2, 4, 1, 6, 4, 1, 2, 3, 1, 3, 4, 3, 3, 1, 3, 2, 3, 0, 3, 0, 3, 3, 3, 3, 3, 1]

Cost:	10
Kernel:	poly
Gamma:	1
Degree: 3
Number of Support Vectors:	630
Labels:	[3, 4, 6, 1, 3, 2, 6, 6, 6, 1, 1, 3, 3, 3, 4, 0, 3, 1, 3, 1, 3, 0, 0, 2, 3, 0, 6, 1, 4, 3, 2, 6, 3, 1, 1, 6, 3, 6, 5, 6, 3, 4, 3, 1, 3, 3, 4, 0, 3, 3, 3, 3, 3, 3, 4, 2, 1, 0, 4, 0, 6, 4, 2, 0, 4, 3, 1, 3, 3, 3, 3, 3, 3, 0, 3, 3, 2, 3, 3, 3, 3, 3, 6, 3, 6, 0, 1, 1, 2, 1, 0, 4, 2, 3, 6, 3, 3, 1, 1, 3, 3, 6, 3, 3, 2, 4, 3, 6, 2, 3, 3, 3, 0, 5, 3, 2, 6, 5, 2, 6, 2, 0, 5, 3, 6, 3, 5, 1, 2, 4, 2, 3, 3, 1, 1, 3, 1, 2, 3, 3, 1, 6, 1, 3, 3, 1, 1, 2, 3, 3, 3, 4, 2, 1, 6, 3, 5, 1, 3, 3, 1, 3, 3, 0, 5, 4, 6, 2, 3, 3, 3, 2, 3, 3, 1, 1, 3, 3, 3, 3, 0, 3, 1, 4, 6, 6, 1, 1, 3, 5, 1, 5, 6, 3, 3, 3, 2, 3, 1, 4, 3, 2, 3, 3, 3, 2, 3, 3, 1, 4, 2, 0, 6, 6, 2, 1, 3, 2, 2, 3, 1, 6, 1, 3, 6, 6, 3, 6, 3, 6, 3, 3, 3, 3, 3, 2, 4, 6, 2, 6, 3, 4, 2, 3, 5, 3, 3, 1, 6, 5, 3, 1, 0, 1, 0, 1, 1, 0, 1, 2, 3, 3, 3, 3, 3, 3, 4, 1, 3, 6, 0, 3, 4, 3, 1, 3, 6, 6, 1, 1, 3, 3, 3, 1, 4, 3, 0, 3, 3, 3, 3, 4, 6, 3, 6, 3, 2, 3, 1, 3, 4, 1, 2, 3, 1, 3, 4, 3, 3, 1, 3, 2, 3, 0, 3, 0, 3, 3, 3, 3, 3, 1]

Cost:	10
Kernel:	poly
Gamma:	1
Degree: 4
Number of Support Vectors:	603
Labels:	[3, 4, 6, 1, 3, 2, 1, 6, 6, 1, 1, 3, 3, 3, 4, 0, 3, 1, 3, 1, 3, 0, 0, 2, 3, 0, 6, 1, 2, 3, 2, 6, 3, 1, 1, 6, 3, 6, 5, 6, 3, 4, 3, 1, 3, 3, 4, 0, 3, 3, 3, 3, 3, 3, 4, 2, 1, 3, 4, 0, 6, 4, 2, 0, 4, 3, 1, 3, 3, 3, 3, 3, 3, 0, 3, 3, 2, 3, 3, 3, 3, 3, 6, 3, 6, 0, 1, 1, 2, 1, 0, 4, 2, 3, 6, 3, 3, 1, 1, 3, 3, 6, 3, 3, 2, 4, 3, 6, 2, 3, 3, 3, 0, 5, 3, 2, 6, 5, 2, 6, 2, 0, 5, 3, 6, 3, 5, 1, 2, 4, 2, 3, 3, 1, 1, 3, 3, 2, 3, 3, 1, 6, 1, 3, 3, 1, 1, 2, 3, 3, 3, 4, 2, 1, 6, 3, 5, 1, 3, 3, 1, 3, 3, 0, 4, 4, 6, 2, 3, 3, 3, 2, 3, 3, 1, 1, 3, 3, 3, 3, 0, 3, 1, 4, 6, 6, 1, 1, 3, 5, 1, 5, 6, 3, 3, 3, 2, 3, 1, 4, 3, 2, 3, 3, 3, 2, 3, 3, 1, 4, 2, 0, 6, 6, 2, 1, 3, 2, 2, 3, 1, 6, 1, 3, 1, 6, 3, 6, 3, 6, 3, 3, 3, 3, 3, 2, 4, 6, 2, 6, 3, 6, 2, 3, 5, 3, 3, 1, 6, 5, 3, 1, 0, 1, 0, 1, 1, 0, 1, 2, 3, 3, 3, 3, 3, 3, 4, 1, 3, 6, 0, 3, 4, 3, 1, 3, 6, 6, 1, 1, 3, 3, 3, 1, 4, 3, 0, 3, 3, 3, 3, 1, 6, 3, 6, 5, 2, 3, 1, 3, 4, 1, 2, 3, 1, 3, 4, 3, 3, 1, 5, 2, 3, 0, 3, 0, 3, 3, 4, 3, 3, 1]

Cost:	100
Kernel:	poly
Gamma:	0.0001
Degree: 2
Number of Support Vectors:	655
Labels:	[3, 4, 6, 1, 3, 2, 6, 3, 6, 1, 1, 3, 3, 3, 4, 0, 3, 1, 3, 1, 3, 0, 0, 2, 3, 0, 4, 1, 4, 3, 2, 6, 3, 1, 1, 6, 3, 6, 5, 6, 3, 4, 3, 1, 3, 3, 4, 2, 3, 3, 3, 3, 3, 3, 4, 2, 1, 0, 4, 0, 6, 4, 2, 0, 4, 3, 1, 3, 3, 3, 3, 3, 3, 1, 3, 3, 2, 3, 3, 3, 3, 3, 6, 3, 6, 0, 1, 1, 2, 1, 0, 4, 2, 3, 6, 3, 3, 1, 1, 3, 3, 6, 3, 3, 2, 4, 3, 6, 2, 3, 3, 3, 0, 5, 3, 2, 6, 5, 2, 6, 2, 0, 5, 3, 6, 3, 5, 1, 2, 4, 2, 3, 3, 1, 1, 3, 1, 2, 3, 3, 1, 6, 1, 3, 3, 1, 3, 2, 3, 3, 3, 4, 2, 1, 6, 3, 5, 1, 3, 3, 1, 3, 3, 0, 5, 4, 6, 2, 3, 2, 3, 2, 3, 3, 1, 1, 3, 3, 3, 3, 0, 3, 1, 4, 6, 6, 1, 1, 3, 5, 1, 5, 6, 3, 3, 3, 2, 3, 1, 4, 3, 2, 3, 3, 3, 2, 3, 3, 1, 4, 2, 0, 6, 6, 2, 1, 3, 2, 2, 3, 1, 6, 2, 3, 6, 6, 3, 6, 3, 6, 3, 3, 3, 3, 3, 2, 4, 6, 2, 6, 3, 4, 2, 3, 5, 3, 3, 1, 6, 5, 3, 1, 0, 1, 0, 1, 1, 0, 1, 2, 3, 3, 3, 3, 3, 3, 4, 1, 3, 3, 0, 3, 4, 3, 1, 3, 6, 6, 1, 1, 3, 3, 3, 1, 4, 3, 0, 3, 3, 3, 3, 4, 6, 3, 6, 3, 2, 4, 1, 6, 4, 1, 2, 3, 1, 3, 4, 3, 3, 1, 3, 2, 3, 0, 3, 0, 3, 3, 3, 3, 3, 1]

Cost:	100
Kernel:	poly
Gamma:	0.0001
Degree: 3
Number of Support Vectors:	630
Labels:	[3, 4, 6, 1, 3, 2, 6, 6, 6, 1, 1, 3, 3, 3, 4, 0, 3, 1, 3, 1, 3, 0, 0, 2, 3, 0, 6, 1, 4, 3, 2, 6, 3, 1, 1, 6, 3, 6, 5, 6, 3, 4, 3, 1, 3, 3, 4, 0, 3, 3, 3, 3, 3, 3, 4, 2, 1, 0, 4, 0, 6, 4, 2, 0, 4, 3, 1, 3, 3, 3, 3, 3, 3, 0, 3, 3, 2, 3, 3, 3, 3, 3, 6, 3, 6, 0, 1, 1, 2, 1, 0, 4, 2, 3, 6, 3, 3, 1, 1, 3, 3, 6, 3, 3, 2, 4, 3, 6, 2, 3, 3, 3, 0, 5, 3, 2, 6, 5, 2, 6, 2, 0, 5, 3, 6, 3, 5, 1, 2, 4, 2, 3, 3, 1, 1, 3, 1, 2, 3, 3, 1, 6, 1, 3, 3, 1, 1, 2, 3, 3, 3, 4, 2, 1, 6, 3, 5, 1, 3, 3, 1, 3, 3, 0, 5, 4, 6, 2, 3, 3, 3, 2, 3, 3, 1, 1, 3, 3, 3, 3, 0, 3, 1, 4, 6, 6, 1, 1, 3, 5, 1, 5, 6, 3, 3, 3, 2, 3, 1, 4, 3, 2, 3, 3, 3, 2, 3, 3, 1, 4, 2, 0, 6, 6, 2, 1, 3, 2, 2, 3, 1, 6, 1, 3, 6, 6, 3, 6, 3, 6, 3, 3, 3, 3, 3, 2, 4, 6, 2, 6, 3, 4, 2, 3, 5, 3, 3, 1, 6, 5, 3, 1, 0, 1, 0, 1, 1, 0, 1, 2, 3, 3, 3, 3, 3, 3, 4, 1, 3, 6, 0, 3, 4, 3, 1, 3, 6, 6, 1, 1, 3, 3, 3, 1, 4, 3, 0, 3, 3, 3, 3, 4, 6, 3, 6, 3, 2, 3, 1, 3, 4, 1, 2, 3, 1, 3, 4, 3, 3, 1, 3, 2, 3, 0, 3, 0, 3, 3, 3, 3, 3, 1]

Cost:	100
Kernel:	poly
Gamma:	0.0001
Degree: 4
Number of Support Vectors:	603
Labels:	[3, 4, 6, 1, 3, 2, 1, 6, 6, 1, 1, 3, 3, 3, 4, 0, 3, 1, 3, 1, 3, 0, 0, 2, 3, 0, 6, 1, 2, 3, 2, 6, 3, 1, 1, 6, 3, 6, 5, 6, 3, 4, 3, 1, 3, 3, 4, 0, 3, 3, 3, 3, 3, 3, 4, 2, 1, 3, 4, 0, 6, 4, 2, 0, 4, 3, 1, 3, 3, 3, 3, 3, 3, 0, 3, 3, 2, 3, 3, 3, 3, 3, 6, 3, 6, 0, 1, 1, 2, 1, 0, 4, 2, 3, 6, 3, 3, 1, 1, 3, 3, 6, 3, 3, 2, 4, 3, 6, 2, 3, 3, 3, 0, 5, 3, 2, 6, 5, 2, 6, 2, 0, 5, 3, 6, 3, 5, 1, 2, 4, 2, 3, 3, 1, 1, 3, 3, 2, 3, 3, 1, 6, 1, 3, 3, 1, 1, 2, 3, 3, 3, 4, 2, 1, 6, 3, 5, 1, 3, 3, 1, 3, 3, 0, 4, 4, 6, 2, 3, 3, 3, 2, 3, 3, 1, 1, 3, 3, 3, 3, 0, 3, 1, 4, 6, 6, 1, 1, 3, 5, 1, 5, 6, 3, 3, 3, 2, 3, 1, 4, 3, 2, 3, 3, 3, 2, 3, 3, 1, 4, 2, 0, 6, 6, 2, 1, 3, 2, 2, 3, 1, 6, 1, 3, 1, 6, 3, 6, 3, 6, 3, 3, 3, 3, 3, 2, 4, 6, 2, 6, 3, 6, 2, 3, 5, 3, 3, 1, 6, 5, 3, 1, 0, 1, 0, 1, 1, 0, 1, 2, 3, 3, 3, 3, 3, 3, 4, 1, 3, 6, 0, 3, 4, 3, 1, 3, 6, 6, 1, 1, 3, 3, 3, 1, 4, 3, 0, 3, 3, 3, 3, 1, 6, 3, 6, 5, 2, 3, 1, 3, 4, 1, 2, 3, 1, 3, 4, 3, 3, 1, 5, 2, 3, 0, 3, 0, 3, 3, 4, 3, 3, 1]

Cost:	100
Kernel:	poly
Gamma:	0.001
Degree: 2
Number of Support Vectors:	655
Labels:	[3, 4, 6, 1, 3, 2, 6, 3, 6, 1, 1, 3, 3, 3, 4, 0, 3, 1, 3, 1, 3, 0, 0, 2, 3, 0, 4, 1, 4, 3, 2, 6, 3, 1, 1, 6, 3, 6, 5, 6, 3, 4, 3, 1, 3, 3, 4, 2, 3, 3, 3, 3, 3, 3, 4, 2, 1, 0, 4, 0, 6, 4, 2, 0, 4, 3, 1, 3, 3, 3, 3, 3, 3, 1, 3, 3, 2, 3, 3, 3, 3, 3, 6, 3, 6, 0, 1, 1, 2, 1, 0, 4, 2, 3, 6, 3, 3, 1, 1, 3, 3, 6, 3, 3, 2, 4, 3, 6, 2, 3, 3, 3, 0, 5, 3, 2, 6, 5, 2, 6, 2, 0, 5, 3, 6, 3, 5, 1, 2, 4, 2, 3, 3, 1, 1, 3, 1, 2, 3, 3, 1, 6, 1, 3, 3, 1, 3, 2, 3, 3, 3, 4, 2, 1, 6, 3, 5, 1, 3, 3, 1, 3, 3, 0, 5, 4, 6, 2, 3, 2, 3, 2, 3, 3, 1, 1, 3, 3, 3, 3, 0, 3, 1, 4, 6, 6, 1, 1, 3, 5, 1, 5, 6, 3, 3, 3, 2, 3, 1, 4, 3, 2, 3, 3, 3, 2, 3, 3, 1, 4, 2, 0, 6, 6, 2, 1, 3, 2, 2, 3, 1, 6, 2, 3, 6, 6, 3, 6, 3, 6, 3, 3, 3, 3, 3, 2, 4, 6, 2, 6, 3, 4, 2, 3, 5, 3, 3, 1, 6, 5, 3, 1, 0, 1, 0, 1, 1, 0, 1, 2, 3, 3, 3, 3, 3, 3, 4, 1, 3, 3, 0, 3, 4, 3, 1, 3, 6, 6, 1, 1, 3, 3, 3, 1, 4, 3, 0, 3, 3, 3, 3, 4, 6, 3, 6, 3, 2, 4, 1, 6, 4, 1, 2, 3, 1, 3, 4, 3, 3, 1, 3, 2, 3, 0, 3, 0, 3, 3, 3, 3, 3, 1]

Cost:	100
Kernel:	poly
Gamma:	0.001
Degree: 3
Number of Support Vectors:	630
Labels:	[3, 4, 6, 1, 3, 2, 6, 6, 6, 1, 1, 3, 3, 3, 4, 0, 3, 1, 3, 1, 3, 0, 0, 2, 3, 0, 6, 1, 4, 3, 2, 6, 3, 1, 1, 6, 3, 6, 5, 6, 3, 4, 3, 1, 3, 3, 4, 0, 3, 3, 3, 3, 3, 3, 4, 2, 1, 0, 4, 0, 6, 4, 2, 0, 4, 3, 1, 3, 3, 3, 3, 3, 3, 0, 3, 3, 2, 3, 3, 3, 3, 3, 6, 3, 6, 0, 1, 1, 2, 1, 0, 4, 2, 3, 6, 3, 3, 1, 1, 3, 3, 6, 3, 3, 2, 4, 3, 6, 2, 3, 3, 3, 0, 5, 3, 2, 6, 5, 2, 6, 2, 0, 5, 3, 6, 3, 5, 1, 2, 4, 2, 3, 3, 1, 1, 3, 1, 2, 3, 3, 1, 6, 1, 3, 3, 1, 1, 2, 3, 3, 3, 4, 2, 1, 6, 3, 5, 1, 3, 3, 1, 3, 3, 0, 5, 4, 6, 2, 3, 3, 3, 2, 3, 3, 1, 1, 3, 3, 3, 3, 0, 3, 1, 4, 6, 6, 1, 1, 3, 5, 1, 5, 6, 3, 3, 3, 2, 3, 1, 4, 3, 2, 3, 3, 3, 2, 3, 3, 1, 4, 2, 0, 6, 6, 2, 1, 3, 2, 2, 3, 1, 6, 1, 3, 6, 6, 3, 6, 3, 6, 3, 3, 3, 3, 3, 2, 4, 6, 2, 6, 3, 4, 2, 3, 5, 3, 3, 1, 6, 5, 3, 1, 0, 1, 0, 1, 1, 0, 1, 2, 3, 3, 3, 3, 3, 3, 4, 1, 3, 6, 0, 3, 4, 3, 1, 3, 6, 6, 1, 1, 3, 3, 3, 1, 4, 3, 0, 3, 3, 3, 3, 4, 6, 3, 6, 3, 2, 3, 1, 3, 4, 1, 2, 3, 1, 3, 4, 3, 3, 1, 3, 2, 3, 0, 3, 0, 3, 3, 3, 3, 3, 1]

Cost:	100
Kernel:	poly
Gamma:	0.001
Degree: 4
Number of Support Vectors:	603
Labels:	[3, 4, 6, 1, 3, 2, 1, 6, 6, 1, 1, 3, 3, 3, 4, 0, 3, 1, 3, 1, 3, 0, 0, 2, 3, 0, 6, 1, 2, 3, 2, 6, 3, 1, 1, 6, 3, 6, 5, 6, 3, 4, 3, 1, 3, 3, 4, 0, 3, 3, 3, 3, 3, 3, 4, 2, 1, 3, 4, 0, 6, 4, 2, 0, 4, 3, 1, 3, 3, 3, 3, 3, 3, 0, 3, 3, 2, 3, 3, 3, 3, 3, 6, 3, 6, 0, 1, 1, 2, 1, 0, 4, 2, 3, 6, 3, 3, 1, 1, 3, 3, 6, 3, 3, 2, 4, 3, 6, 2, 3, 3, 3, 0, 5, 3, 2, 6, 5, 2, 6, 2, 0, 5, 3, 6, 3, 5, 1, 2, 4, 2, 3, 3, 1, 1, 3, 3, 2, 3, 3, 1, 6, 1, 3, 3, 1, 1, 2, 3, 3, 3, 4, 2, 1, 6, 3, 5, 1, 3, 3, 1, 3, 3, 0, 4, 4, 6, 2, 3, 3, 3, 2, 3, 3, 1, 1, 3, 3, 3, 3, 0, 3, 1, 4, 6, 6, 1, 1, 3, 5, 1, 5, 6, 3, 3, 3, 2, 3, 1, 4, 3, 2, 3, 3, 3, 2, 3, 3, 1, 4, 2, 0, 6, 6, 2, 1, 3, 2, 2, 3, 1, 6, 1, 3, 1, 6, 3, 6, 3, 6, 3, 3, 3, 3, 3, 2, 4, 6, 2, 6, 3, 6, 2, 3, 5, 3, 3, 1, 6, 5, 3, 1, 0, 1, 0, 1, 1, 0, 1, 2, 3, 3, 3, 3, 3, 3, 4, 1, 3, 6, 0, 3, 4, 3, 1, 3, 6, 6, 1, 1, 3, 3, 3, 1, 4, 3, 0, 3, 3, 3, 3, 1, 6, 3, 6, 5, 2, 3, 1, 3, 4, 1, 2, 3, 1, 3, 4, 3, 3, 1, 5, 2, 3, 0, 3, 0, 3, 3, 4, 3, 3, 1]

Cost:	100
Kernel:	poly
Gamma:	0.01
Degree: 2
Number of Support Vectors:	655
Labels:	[3, 4, 6, 1, 3, 2, 6, 3, 6, 1, 1, 3, 3, 3, 4, 0, 3, 1, 3, 1, 3, 0, 0, 2, 3, 0, 4, 1, 4, 3, 2, 6, 3, 1, 1, 6, 3, 6, 5, 6, 3, 4, 3, 1, 3, 3, 4, 2, 3, 3, 3, 3, 3, 3, 4, 2, 1, 0, 4, 0, 6, 4, 2, 0, 4, 3, 1, 3, 3, 3, 3, 3, 3, 1, 3, 3, 2, 3, 3, 3, 3, 3, 6, 3, 6, 0, 1, 1, 2, 1, 0, 4, 2, 3, 6, 3, 3, 1, 1, 3, 3, 6, 3, 3, 2, 4, 3, 6, 2, 3, 3, 3, 0, 5, 3, 2, 6, 5, 2, 6, 2, 0, 5, 3, 6, 3, 5, 1, 2, 4, 2, 3, 3, 1, 1, 3, 1, 2, 3, 3, 1, 6, 1, 3, 3, 1, 3, 2, 3, 3, 3, 4, 2, 1, 6, 3, 5, 1, 3, 3, 1, 3, 3, 0, 5, 4, 6, 2, 3, 2, 3, 2, 3, 3, 1, 1, 3, 3, 3, 3, 0, 3, 1, 4, 6, 6, 1, 1, 3, 5, 1, 5, 6, 3, 3, 3, 2, 3, 1, 4, 3, 2, 3, 3, 3, 2, 3, 3, 1, 4, 2, 0, 6, 6, 2, 1, 3, 2, 2, 3, 1, 6, 2, 3, 6, 6, 3, 6, 3, 6, 3, 3, 3, 3, 3, 2, 4, 6, 2, 6, 3, 4, 2, 3, 5, 3, 3, 1, 6, 5, 3, 1, 0, 1, 0, 1, 1, 0, 1, 2, 3, 3, 3, 3, 3, 3, 4, 1, 3, 3, 0, 3, 4, 3, 1, 3, 6, 6, 1, 1, 3, 3, 3, 1, 4, 3, 0, 3, 3, 3, 3, 4, 6, 3, 6, 3, 2, 4, 1, 6, 4, 1, 2, 3, 1, 3, 4, 3, 3, 1, 3, 2, 3, 0, 3, 0, 3, 3, 3, 3, 3, 1]

Cost:	100
Kernel:	poly
Gamma:	0.01
Degree: 3
Number of Support Vectors:	630
Labels:	[3, 4, 6, 1, 3, 2, 6, 6, 6, 1, 1, 3, 3, 3, 4, 0, 3, 1, 3, 1, 3, 0, 0, 2, 3, 0, 6, 1, 4, 3, 2, 6, 3, 1, 1, 6, 3, 6, 5, 6, 3, 4, 3, 1, 3, 3, 4, 0, 3, 3, 3, 3, 3, 3, 4, 2, 1, 0, 4, 0, 6, 4, 2, 0, 4, 3, 1, 3, 3, 3, 3, 3, 3, 0, 3, 3, 2, 3, 3, 3, 3, 3, 6, 3, 6, 0, 1, 1, 2, 1, 0, 4, 2, 3, 6, 3, 3, 1, 1, 3, 3, 6, 3, 3, 2, 4, 3, 6, 2, 3, 3, 3, 0, 5, 3, 2, 6, 5, 2, 6, 2, 0, 5, 3, 6, 3, 5, 1, 2, 4, 2, 3, 3, 1, 1, 3, 1, 2, 3, 3, 1, 6, 1, 3, 3, 1, 1, 2, 3, 3, 3, 4, 2, 1, 6, 3, 5, 1, 3, 3, 1, 3, 3, 0, 5, 4, 6, 2, 3, 3, 3, 2, 3, 3, 1, 1, 3, 3, 3, 3, 0, 3, 1, 4, 6, 6, 1, 1, 3, 5, 1, 5, 6, 3, 3, 3, 2, 3, 1, 4, 3, 2, 3, 3, 3, 2, 3, 3, 1, 4, 2, 0, 6, 6, 2, 1, 3, 2, 2, 3, 1, 6, 1, 3, 6, 6, 3, 6, 3, 6, 3, 3, 3, 3, 3, 2, 4, 6, 2, 6, 3, 4, 2, 3, 5, 3, 3, 1, 6, 5, 3, 1, 0, 1, 0, 1, 1, 0, 1, 2, 3, 3, 3, 3, 3, 3, 4, 1, 3, 6, 0, 3, 4, 3, 1, 3, 6, 6, 1, 1, 3, 3, 3, 1, 4, 3, 0, 3, 3, 3, 3, 4, 6, 3, 6, 3, 2, 3, 1, 3, 4, 1, 2, 3, 1, 3, 4, 3, 3, 1, 3, 2, 3, 0, 3, 0, 3, 3, 3, 3, 3, 1]

Cost:	100
Kernel:	poly
Gamma:	0.01
Degree: 4
Number of Support Vectors:	603
Labels:	[3, 4, 6, 1, 3, 2, 1, 6, 6, 1, 1, 3, 3, 3, 4, 0, 3, 1, 3, 1, 3, 0, 0, 2, 3, 0, 6, 1, 2, 3, 2, 6, 3, 1, 1, 6, 3, 6, 5, 6, 3, 4, 3, 1, 3, 3, 4, 0, 3, 3, 3, 3, 3, 3, 4, 2, 1, 3, 4, 0, 6, 4, 2, 0, 4, 3, 1, 3, 3, 3, 3, 3, 3, 0, 3, 3, 2, 3, 3, 3, 3, 3, 6, 3, 6, 0, 1, 1, 2, 1, 0, 4, 2, 3, 6, 3, 3, 1, 1, 3, 3, 6, 3, 3, 2, 4, 3, 6, 2, 3, 3, 3, 0, 5, 3, 2, 6, 5, 2, 6, 2, 0, 5, 3, 6, 3, 5, 1, 2, 4, 2, 3, 3, 1, 1, 3, 3, 2, 3, 3, 1, 6, 1, 3, 3, 1, 1, 2, 3, 3, 3, 4, 2, 1, 6, 3, 5, 1, 3, 3, 1, 3, 3, 0, 4, 4, 6, 2, 3, 3, 3, 2, 3, 3, 1, 1, 3, 3, 3, 3, 0, 3, 1, 4, 6, 6, 1, 1, 3, 5, 1, 5, 6, 3, 3, 3, 2, 3, 1, 4, 3, 2, 3, 3, 3, 2, 3, 3, 1, 4, 2, 0, 6, 6, 2, 1, 3, 2, 2, 3, 1, 6, 1, 3, 1, 6, 3, 6, 3, 6, 3, 3, 3, 3, 3, 2, 4, 6, 2, 6, 3, 6, 2, 3, 5, 3, 3, 1, 6, 5, 3, 1, 0, 1, 0, 1, 1, 0, 1, 2, 3, 3, 3, 3, 3, 3, 4, 1, 3, 6, 0, 3, 4, 3, 1, 3, 6, 6, 1, 1, 3, 3, 3, 1, 4, 3, 0, 3, 3, 3, 3, 1, 6, 3, 6, 5, 2, 3, 1, 3, 4, 1, 2, 3, 1, 3, 4, 3, 3, 1, 5, 2, 3, 0, 3, 0, 3, 3, 4, 3, 3, 1]

Cost:	100
Kernel:	poly
Gamma:	0.1
Degree: 2
Number of Support Vectors:	655
Labels:	[3, 4, 6, 1, 3, 2, 6, 3, 6, 1, 1, 3, 3, 3, 4, 0, 3, 1, 3, 1, 3, 0, 0, 2, 3, 0, 4, 1, 4, 3, 2, 6, 3, 1, 1, 6, 3, 6, 5, 6, 3, 4, 3, 1, 3, 3, 4, 2, 3, 3, 3, 3, 3, 3, 4, 2, 1, 0, 4, 0, 6, 4, 2, 0, 4, 3, 1, 3, 3, 3, 3, 3, 3, 1, 3, 3, 2, 3, 3, 3, 3, 3, 6, 3, 6, 0, 1, 1, 2, 1, 0, 4, 2, 3, 6, 3, 3, 1, 1, 3, 3, 6, 3, 3, 2, 4, 3, 6, 2, 3, 3, 3, 0, 5, 3, 2, 6, 5, 2, 6, 2, 0, 5, 3, 6, 3, 5, 1, 2, 4, 2, 3, 3, 1, 1, 3, 1, 2, 3, 3, 1, 6, 1, 3, 3, 1, 3, 2, 3, 3, 3, 4, 2, 1, 6, 3, 5, 1, 3, 3, 1, 3, 3, 0, 5, 4, 6, 2, 3, 2, 3, 2, 3, 3, 1, 1, 3, 3, 3, 3, 0, 3, 1, 4, 6, 6, 1, 1, 3, 5, 1, 5, 6, 3, 3, 3, 2, 3, 1, 4, 3, 2, 3, 3, 3, 2, 3, 3, 1, 4, 2, 0, 6, 6, 2, 1, 3, 2, 2, 3, 1, 6, 2, 3, 6, 6, 3, 6, 3, 6, 3, 3, 3, 3, 3, 2, 4, 6, 2, 6, 3, 4, 2, 3, 5, 3, 3, 1, 6, 5, 3, 1, 0, 1, 0, 1, 1, 0, 1, 2, 3, 3, 3, 3, 3, 3, 4, 1, 3, 3, 0, 3, 4, 3, 1, 3, 6, 6, 1, 1, 3, 3, 3, 1, 4, 3, 0, 3, 3, 3, 3, 4, 6, 3, 6, 3, 2, 4, 1, 6, 4, 1, 2, 3, 1, 3, 4, 3, 3, 1, 3, 2, 3, 0, 3, 0, 3, 3, 3, 3, 3, 1]

Cost:	100
Kernel:	poly
Gamma:	0.1
Degree: 3
Number of Support Vectors:	630
Labels:	[3, 4, 6, 1, 3, 2, 6, 6, 6, 1, 1, 3, 3, 3, 4, 0, 3, 1, 3, 1, 3, 0, 0, 2, 3, 0, 6, 1, 4, 3, 2, 6, 3, 1, 1, 6, 3, 6, 5, 6, 3, 4, 3, 1, 3, 3, 4, 0, 3, 3, 3, 3, 3, 3, 4, 2, 1, 0, 4, 0, 6, 4, 2, 0, 4, 3, 1, 3, 3, 3, 3, 3, 3, 0, 3, 3, 2, 3, 3, 3, 3, 3, 6, 3, 6, 0, 1, 1, 2, 1, 0, 4, 2, 3, 6, 3, 3, 1, 1, 3, 3, 6, 3, 3, 2, 4, 3, 6, 2, 3, 3, 3, 0, 5, 3, 2, 6, 5, 2, 6, 2, 0, 5, 3, 6, 3, 5, 1, 2, 4, 2, 3, 3, 1, 1, 3, 1, 2, 3, 3, 1, 6, 1, 3, 3, 1, 1, 2, 3, 3, 3, 4, 2, 1, 6, 3, 5, 1, 3, 3, 1, 3, 3, 0, 5, 4, 6, 2, 3, 3, 3, 2, 3, 3, 1, 1, 3, 3, 3, 3, 0, 3, 1, 4, 6, 6, 1, 1, 3, 5, 1, 5, 6, 3, 3, 3, 2, 3, 1, 4, 3, 2, 3, 3, 3, 2, 3, 3, 1, 4, 2, 0, 6, 6, 2, 1, 3, 2, 2, 3, 1, 6, 1, 3, 6, 6, 3, 6, 3, 6, 3, 3, 3, 3, 3, 2, 4, 6, 2, 6, 3, 4, 2, 3, 5, 3, 3, 1, 6, 5, 3, 1, 0, 1, 0, 1, 1, 0, 1, 2, 3, 3, 3, 3, 3, 3, 4, 1, 3, 6, 0, 3, 4, 3, 1, 3, 6, 6, 1, 1, 3, 3, 3, 1, 4, 3, 0, 3, 3, 3, 3, 4, 6, 3, 6, 3, 2, 3, 1, 3, 4, 1, 2, 3, 1, 3, 4, 3, 3, 1, 3, 2, 3, 0, 3, 0, 3, 3, 3, 3, 3, 1]

Cost:	100
Kernel:	poly
Gamma:	0.1
Degree: 4
Number of Support Vectors:	603
Labels:	[3, 4, 6, 1, 3, 2, 1, 6, 6, 1, 1, 3, 3, 3, 4, 0, 3, 1, 3, 1, 3, 0, 0, 2, 3, 0, 6, 1, 2, 3, 2, 6, 3, 1, 1, 6, 3, 6, 5, 6, 3, 4, 3, 1, 3, 3, 4, 0, 3, 3, 3, 3, 3, 3, 4, 2, 1, 3, 4, 0, 6, 4, 2, 0, 4, 3, 1, 3, 3, 3, 3, 3, 3, 0, 3, 3, 2, 3, 3, 3, 3, 3, 6, 3, 6, 0, 1, 1, 2, 1, 0, 4, 2, 3, 6, 3, 3, 1, 1, 3, 3, 6, 3, 3, 2, 4, 3, 6, 2, 3, 3, 3, 0, 5, 3, 2, 6, 5, 2, 6, 2, 0, 5, 3, 6, 3, 5, 1, 2, 4, 2, 3, 3, 1, 1, 3, 3, 2, 3, 3, 1, 6, 1, 3, 3, 1, 1, 2, 3, 3, 3, 4, 2, 1, 6, 3, 5, 1, 3, 3, 1, 3, 3, 0, 4, 4, 6, 2, 3, 3, 3, 2, 3, 3, 1, 1, 3, 3, 3, 3, 0, 3, 1, 4, 6, 6, 1, 1, 3, 5, 1, 5, 6, 3, 3, 3, 2, 3, 1, 4, 3, 2, 3, 3, 3, 2, 3, 3, 1, 4, 2, 0, 6, 6, 2, 1, 3, 2, 2, 3, 1, 6, 1, 3, 1, 6, 3, 6, 3, 6, 3, 3, 3, 3, 3, 2, 4, 6, 2, 6, 3, 6, 2, 3, 5, 3, 3, 1, 6, 5, 3, 1, 0, 1, 0, 1, 1, 0, 1, 2, 3, 3, 3, 3, 3, 3, 4, 1, 3, 6, 0, 3, 4, 3, 1, 3, 6, 6, 1, 1, 3, 3, 3, 1, 4, 3, 0, 3, 3, 3, 3, 1, 6, 3, 6, 5, 2, 3, 1, 3, 4, 1, 2, 3, 1, 3, 4, 3, 3, 1, 5, 2, 3, 0, 3, 0, 3, 3, 4, 3, 3, 1]

Cost:	100
Kernel:	poly
Gamma:	1
Degree: 2
Number of Support Vectors:	656
Labels:	[3, 4, 6, 1, 3, 2, 6, 3, 6, 1, 1, 3, 3, 3, 4, 0, 3, 1, 3, 1, 3, 0, 0, 2, 3, 0, 4, 1, 4, 3, 2, 6, 3, 1, 1, 6, 3, 6, 5, 6, 3, 4, 3, 1, 3, 3, 4, 2, 3, 3, 3, 3, 3, 3, 4, 2, 1, 0, 4, 0, 6, 4, 2, 0, 4, 3, 1, 3, 3, 3, 3, 3, 3, 1, 3, 3, 2, 3, 3, 3, 3, 3, 6, 3, 6, 0, 1, 1, 2, 1, 0, 4, 2, 3, 6, 3, 3, 1, 1, 3, 3, 6, 3, 3, 2, 4, 3, 6, 2, 3, 3, 3, 0, 5, 3, 2, 6, 5, 2, 6, 2, 0, 5, 3, 6, 3, 5, 1, 2, 4, 2, 3, 3, 1, 1, 3, 1, 2, 3, 3, 1, 6, 1, 3, 3, 1, 3, 2, 3, 3, 3, 4, 2, 1, 6, 3, 5, 1, 3, 3, 1, 3, 3, 0, 5, 4, 6, 2, 3, 2, 3, 2, 3, 3, 1, 1, 3, 3, 3, 3, 0, 3, 1, 4, 6, 6, 1, 1, 3, 5, 1, 5, 6, 3, 3, 3, 2, 3, 1, 4, 3, 2, 3, 3, 3, 2, 3, 3, 1, 4, 2, 0, 6, 6, 2, 1, 3, 2, 2, 3, 1, 6, 2, 3, 6, 6, 3, 6, 3, 6, 3, 3, 3, 3, 3, 2, 4, 6, 2, 6, 3, 4, 2, 3, 5, 3, 3, 1, 6, 5, 3, 1, 0, 1, 0, 1, 1, 0, 1, 2, 3, 3, 3, 3, 3, 3, 4, 1, 3, 3, 0, 3, 4, 3, 1, 3, 6, 6, 1, 1, 3, 3, 3, 1, 4, 3, 0, 3, 3, 3, 3, 4, 6, 3, 6, 3, 2, 4, 1, 6, 4, 1, 2, 3, 1, 3, 4, 3, 3, 1, 3, 2, 3, 0, 3, 0, 3, 3, 3, 3, 3, 1]

Cost:	100
Kernel:	poly
Gamma:	1
Degree: 3
Number of Support Vectors:	630
Labels:	[3, 4, 6, 1, 3, 2, 6, 6, 6, 1, 1, 3, 3, 3, 4, 0, 3, 1, 3, 1, 3, 0, 0, 2, 3, 0, 6, 1, 4, 3, 2, 6, 3, 1, 1, 6, 3, 6, 5, 6, 3, 4, 3, 1, 3, 3, 4, 0, 3, 3, 3, 3, 3, 3, 4, 2, 1, 0, 4, 0, 6, 4, 2, 0, 4, 3, 1, 3, 3, 3, 3, 3, 3, 0, 3, 3, 2, 3, 3, 3, 3, 3, 6, 3, 6, 0, 1, 1, 2, 1, 0, 4, 2, 3, 6, 3, 3, 1, 1, 3, 3, 6, 3, 3, 2, 4, 3, 6, 2, 3, 3, 3, 0, 5, 3, 2, 6, 5, 2, 6, 2, 0, 5, 3, 6, 3, 5, 1, 2, 4, 2, 3, 3, 1, 1, 3, 1, 2, 3, 3, 1, 6, 1, 3, 3, 1, 1, 2, 3, 3, 3, 4, 2, 1, 6, 3, 5, 1, 3, 3, 1, 3, 3, 0, 5, 4, 6, 2, 3, 3, 3, 2, 3, 3, 1, 1, 3, 3, 3, 3, 0, 3, 1, 4, 6, 6, 1, 1, 3, 5, 1, 5, 6, 3, 3, 3, 2, 3, 1, 4, 3, 2, 3, 3, 3, 2, 3, 3, 1, 4, 2, 0, 6, 6, 2, 1, 3, 2, 2, 3, 1, 6, 1, 3, 6, 6, 3, 6, 3, 6, 3, 3, 3, 3, 3, 2, 4, 6, 2, 6, 3, 4, 2, 3, 5, 3, 3, 1, 6, 5, 3, 1, 0, 1, 0, 1, 1, 0, 1, 2, 3, 3, 3, 3, 3, 3, 4, 1, 3, 6, 0, 3, 4, 3, 1, 3, 6, 6, 1, 1, 3, 3, 3, 1, 4, 3, 0, 3, 3, 3, 3, 4, 6, 3, 6, 3, 2, 3, 1, 3, 4, 1, 2, 3, 1, 3, 4, 3, 3, 1, 3, 2, 3, 0, 3, 0, 3, 3, 3, 3, 3, 1]

Cost:	100
Kernel:	poly
Gamma:	1
Degree: 4
Number of Support Vectors:	603
Labels:	[3, 4, 6, 1, 3, 2, 1, 6, 6, 1, 1, 3, 3, 3, 4, 0, 3, 1, 3, 1, 3, 0, 0, 2, 3, 0, 6, 1, 2, 3, 2, 6, 3, 1, 1, 6, 3, 6, 5, 6, 3, 4, 3, 1, 3, 3, 4, 0, 3, 3, 3, 3, 3, 3, 4, 2, 1, 3, 4, 0, 6, 4, 2, 0, 4, 3, 1, 3, 3, 3, 3, 3, 3, 0, 3, 3, 2, 3, 3, 3, 3, 3, 6, 3, 6, 0, 1, 1, 2, 1, 0, 4, 2, 3, 6, 3, 3, 1, 1, 3, 3, 6, 3, 3, 2, 4, 3, 6, 2, 3, 3, 3, 0, 5, 3, 2, 6, 5, 2, 6, 2, 0, 5, 3, 6, 3, 5, 1, 2, 4, 2, 3, 3, 1, 1, 3, 3, 2, 3, 3, 1, 6, 1, 3, 3, 1, 1, 2, 3, 3, 3, 4, 2, 1, 6, 3, 5, 1, 3, 3, 1, 3, 3, 0, 4, 4, 6, 2, 3, 3, 3, 2, 3, 3, 1, 1, 3, 3, 3, 3, 0, 3, 1, 4, 6, 6, 1, 1, 3, 5, 1, 5, 6, 3, 3, 3, 2, 3, 1, 4, 3, 2, 3, 3, 3, 2, 3, 3, 1, 4, 2, 0, 6, 6, 2, 1, 3, 2, 2, 3, 1, 6, 1, 3, 1, 6, 3, 6, 3, 6, 3, 3, 3, 3, 3, 2, 4, 6, 2, 6, 3, 6, 2, 3, 5, 3, 3, 1, 6, 5, 3, 1, 0, 1, 0, 1, 1, 0, 1, 2, 3, 3, 3, 3, 3, 3, 4, 1, 3, 6, 0, 3, 4, 3, 1, 3, 6, 6, 1, 1, 3, 3, 3, 1, 4, 3, 0, 3, 3, 3, 3, 1, 6, 3, 6, 5, 2, 3, 1, 3, 4, 1, 2, 3, 1, 3, 4, 3, 3, 1, 5, 2, 3, 0, 3, 0, 3, 3, 4, 3, 3, 1]

